0.952355
0.898814
0.848089
0.800433
0.755649
0.713145
0.67216
0.632171
0.593286
0.556336
0.522664
0.493941
0.472202
0.460067
0.460838
0.478053
0.514026
0.567786
0.634223
0.705807
0.7755
0.838485
0.892229
0.935771
0.969043
0.992487
1.00691
1.01343
1.01349
1.00875
1.00124
0.993328
0.987847
0.987925
0.996469
1.01526
1.04384
1.07865
1.11314
1.14004
1.15471
1.15668
1.14859
1.13425
1.11733
1.10083
1.08687
1.07667
1.07046
1.06745
1.06582
1.06278
1.05483
1.03845
1.01149
0.974699
0.931598
0.886712
0.843972
0.806189
0.775117
0.751568
0.735465
0.725922
0.721443
0.720274
0.720827
0.722095
0.724002
0.727654
0.735441
0.750774
0.776925
0.814934
0.862149
0.913318
0.963312
1.00891
1.04895
1.08361
1.11372
1.1402
1.16386
1.18525
1.20471
1.2225
1.2389
1.25433
1.26942
1.2847
1.29978
1.31207
1.31645
1.30756
1.28314
1.24478
1.1961
1.14082
1.08198
1.02179
0.961773
0.902987
0.846145
0.791706
0.739922
0.690874
0.64451
0.600748
0.559642
0.521571
0.487321
0.458089
0.435547
0.422041
0.42078
0.4356
0.469726
0.523409
0.592076
0.667423
0.740909
0.806491
0.861112
0.903903
0.935234
0.956069
0.967642
0.971341
0.968686
0.961359
0.951281
0.940723
0.932422
0.92955
0.935313
0.952065
0.980159
1.01696
1.05671
1.09229
1.11846
1.13381
1.14006
1.14039
1.13809
1.13588
1.13571
1.13861
1.14468
1.15319
1.16261
1.17077
1.17471
1.17074
1.15509
1.12605
1.08564
1.03851
0.98948
0.942082
0.898364
0.859159
0.824371
0.793259
0.764729
0.737649
0.711139
0.684778
0.658692
0.633587
0.610813
0.592537
0.581903
0.582828
0.598983
0.631931
0.679641
0.736996
0.798041
0.85796
0.913706
0.963671
1.00713
1.04383
1.07373
1.097
1.11397
1.12528
1.13188
1.13523
1.13734
1.14077
1.14824
1.16183
1.1818
1.20553
1.22729
1.23994
1.23814
1.22057
1.18946
1.14874
1.10239
1.05376
1.00536
0.95893
0.915525
0.87553
0.838624
0.803778
0.769475
0.73426
0.697454
0.659597
0.622276
0.587604
0.557851
0.535438
0.523073
0.523684
0.539817
0.572467
0.619989
0.67816
0.741578
0.805311
0.865745
0.920526
0.968132
1.00752
1.03809
1.05978
1.07319
1.07952
1.08041
1.07796
1.07461
1.07314
1.07637
1.08663
1.10506
1.13065
1.15955
1.18519
1.20038
1.20057
1.18563
1.15883
1.12464
1.08726
1.04995
1.01498
0.983698
0.956494
0.932815
0.911142
0.889181
0.864387
0.83482
0.80006
0.76156
0.722082
0.684767
0.652577
0.628201
0.614062
0.612083
0.623183
0.646796
0.680865
0.722456
0.768621
0.817042
0.866225
0.915261
0.963261
1.00877
1.04973
1.08412
1.11085
1.13002
1.1428
1.15108
1.15717
1.16348
1.17221
1.18484
1.2018
1.22208
1.24302
1.2604
1.2691
1.26448
1.24426
1.20948
1.16385
1.11193
1.05769
1.00399
0.952551
0.904172
0.858864
0.81605
0.774821
0.734273
0.693857
0.653604
0.614139
0.576547
0.542232
0.512917
0.490786
0.478673
0.479986
0.497974
0.534151
0.586729
0.650632
0.719346
0.78702
0.849439
0.903985
0.949232
0.984609
1.01021
1.02664
1.03497
1.03658
1.03319
1.02686
1.02007
1.01574
1.01695
1.02636
1.04541
1.07334
1.1064
1.138
1.16076
1.17003
1.16557
1.1504
1.12869
1.10434
1.08048
1.0593
1.04209
1.02912
1.01962
1.01171
1.00254
0.988764
0.967358
0.936974
0.898903
0.856624
0.814263
0.775412
0.742794
0.718303
0.703005
0.697039
0.699567
0.708946
0.723138
0.740241
0.75899
0.77914
0.80165
0.828502
0.861824
0.902248
0.94762
0.993714
1.03647
1.07355
1.10453
1.13025
1.15216
1.17177
1.19034
1.20865
1.227
1.24533
1.26329
1.28039
1.29584
1.30808
1.3141
1.30955
1.29066
1.25691
1.21117
1.15764
1.10004
1.04103
0.982216
0.924509
0.868376
0.81408
0.761808
0.711736
0.664033
0.618872
0.57646
0.537119
0.501421
0.470321
0.445294
0.428497
0.422911
0.43221
0.45982
0.50696
0.57068
0.643975
0.718428
0.787142
0.845968
0.8932
0.92873
0.953321
0.96815
0.974585
0.974114
0.968362
0.959164
0.948682
0.939514
0.934707
0.937473
0.950478
0.974813
1.00895
1.04813
1.08536
1.11433
1.13227
1.1401
1.14078
1.13775
1.134
1.13179
1.13248
1.13654
1.14346
1.15197
1.16004
1.16492
1.16311
1.15077
1.1254
1.08788
1.04235
0.993773
0.946148
0.901956
0.862382
0.827591
0.797002
0.769555
0.74403
0.71936
0.694891
0.670528
0.64679
0.624867
0.606755
0.595433
0.594765
0.608625
0.639069
0.684624
0.740463
0.800584
0.859988
0.915493
0.965457
1.00919
1.0465
1.07736
1.10193
1.12047
1.13349
1.14181
1.14671
1.15004
1.15419
1.16183
1.17508
1.19432
1.21702
1.23757
1.24888
1.24569
1.22669
1.1941
1.15178
1.10369
1.05312
1.00258
0.95381
0.907895
0.865293
0.825812
0.788614
0.752391
0.715852
0.678371
0.640409
0.603392
0.569254
0.54013
0.518378
0.506733
0.508265
0.525757
0.560401
0.6105
0.671441
0.73727
0.802604
0.863598
0.917886
0.964096
1.00145
1.02965
1.04891
1.06003
1.0643
1.0634
1.05944
1.05487
1.05252
1.05528
1.06562
1.08471
1.11154
1.14207
1.16953
1.18669
1.18923
1.17724
1.15403
1.12396
1.09108
1.05854
1.02856
1.0024
0.980386
0.961842
0.945057
0.927474
0.90621
0.878982
0.845206
0.806477
0.76592
0.727026
0.692933
0.66629
0.649272
0.643419
0.649287
0.666174
0.692223
0.724948
0.761942
0.801436
0.842552
0.88518
0.929401
0.974559
1.01865
1.05883
1.09276
1.1195
1.13949
1.15421
1.16567
1.17607
1.18735
1.2009
1.21725
1.2359
1.25528
1.2728
1.28497
1.28775
1.27739
1.25202
1.21289
1.16377
1.10905
1.05243
0.996379
0.942313
0.890766
0.84166
0.79456
0.748957
0.704506
0.66118
0.619292
0.579438
0.542447
0.50941
0.481808
0.461732
0.452061
0.456358
0.478034
0.518573
0.575794
0.643911
0.715657
0.784642
0.846453
0.898621
0.940147
0.971029
0.991909
1.00383
1.00812
1.00628
1.00009
0.991639
0.983446
0.978477
0.979887
0.99039
1.01134
1.04176
1.0776
1.11202
1.13795
1.15141
1.15264
1.14469
1.13143
1.11641
1.10242
1.09137
1.08424
1.08099
1.08058
1.08093
1.07909
1.07149
1.05464
1.02669
0.988783
0.944799
0.899384
0.856403
0.818502
0.787209
0.763077
0.745776
0.734228
0.726855
0.721952
0.718102
0.714553
0.711514
0.710343
0.713645
0.725039
0.748089
0.78421
0.831021
0.88323
0.935367
0.983778
1.0269
1.0646
1.09746
1.12626
1.15165
1.17414
1.19405
1.21166
1.22731
1.24158
1.25534
1.26966
1.28503
1.30004
1.31039
1.3101
1.2949
1.26446
1.2215
1.16979
1.11278
1.05317
0.992952
0.933512
0.875815
0.820485
0.767873
0.718089
0.671044
0.626538
0.584444
0.544941
0.508646
0.476594
0.450223
0.431508
0.423201
0.428895
0.452399
0.495864
0.557318
0.630048
0.705202
0.775303
0.835849
0.884981
0.922505
0.949083
0.965776
0.973849
0.974725
0.969981
0.96139
0.951019
0.941348
0.935344
0.936279
0.94709
0.96931
1.00193
1.04071
1.07886
1.10973
1.12985
1.1395
1.14136
1.13881
1.13497
1.13225
1.13222
1.13552
1.14187
1.15013
1.15845
1.16421
1.16401
1.15394
1.13108
1.09561
1.05119
1.00283
0.95475
0.909723
0.869165
0.833429
0.802071
0.774111
0.748338
0.723631
0.699227
0.674904
0.651049
0.62871
0.609721
0.596878
0.593921
0.604839
0.632189
0.675228
0.729631
0.78941
0.849262
0.905654
0.956703
1.00159
1.04006
1.07208
1.09778
1.1174
1.1314
1.14052
1.14594
1.1494
1.1532
1.16001
1.17213
1.19035
1.21276
1.23423
1.24775
1.24745
1.23128
1.20095
1.16014
1.11287
1.06257
1.01189
0.962702
0.916214
0.872999
0.832987
0.795456
0.75916
0.722753
0.685444
0.647484
0.610153
0.575324
0.545103
0.521794
0.508053
0.50691
0.521279
0.552761
0.600253
0.659605
0.72496
0.79072
0.852734
0.908395
0.956182
0.995222
1.02512
1.04601
1.05857
1.06399
1.06391
1.06035
1.0557
1.05272
1.05433
1.06312
1.08059
1.10618
1.13647
1.16507
1.18459
1.18995
1.18047
1.15901
1.12987
1.09723
1.06442
1.03383
1.00689
0.984112
0.965006
0.948049
0.930816
0.910426
0.884402
0.851778
0.81376
0.773278
0.733827
0.698634
0.670435
0.6515
0.643509
0.647229
0.6622
0.68675
0.718455
0.754843
0.793997
0.834869
0.877232
0.921193
0.966299
1.01079
1.05189
1.08708
1.11513
1.13627
1.1518
1.16368
1.1741
1.18507
1.19813
1.21396
1.23228
1.2517
1.2698
1.28325
1.28807
1.28034
1.25772
1.22089
1.17326
1.11927
1.06277
1.00649
0.952013
0.900009
0.850496
0.803083
0.757253
0.712617
0.66908
0.626897
0.586618
0.549031
0.515173
0.486441
0.464798
0.452972
0.454438
0.472741
0.509871
0.564383
0.631036
0.702637
0.772512
0.835868
0.889912
0.933412
0.966215
0.988864
1.00234
1.00792
1.00709
1.00155
0.993346
0.984902
0.979111
0.979132
0.987821
1.00685
1.03575
1.07104
1.10628
1.13417
1.14998
1.15325
1.14667
1.13406
1.1191
1.10472
1.09301
1.0851
1.08117
1.08034
1.08072
1.07952
1.07322
1.05826
1.03233
0.996006
0.952782
0.907314
0.863669
0.824713
0.792169
0.766759
0.748309
0.735861
0.727905
0.722727
0.718825
0.7153
0.712167
0.710565
0.712872
0.722572
0.743366
0.777219
0.822452
0.874113
0.926572
0.975788
1.01986
1.05847
1.09211
1.12155
1.1475
1.17046
1.19081
1.20882
1.2248
1.23928
1.25308
1.26725
1.28246
1.29774
1.3093
1.31123
1.29873
1.27077
1.2297
1.17923
1.12291
1.06359
1.00335
0.943692
0.885632
0.829849
0.776739
0.726453
0.678934
0.633991
0.59147
0.551483
0.514568
0.481692
0.454216
0.434006
0.423663
0.426655
0.446847
0.486862
0.545575
0.616985
0.692335
0.763723
0.826118
0.87727
0.916766
0.945161
0.963468
0.972927
0.974931
0.971031
0.962961
0.952728
0.942732
0.935859
0.935358
0.944295
0.964529
0.995565
1.03373
1.07252
1.10502
1.12709
1.13844
1.14143
1.13944
1.13565
1.13263
1.1321
1.13484
1.14074
1.14881
1.15731
1.16375
1.16487
1.1568
1.13627
1.10281
1.05959
1.01157
0.96319
0.917482
0.876075
0.839487
0.807394
0.778889
0.752779
0.727907
0.703435
0.679041
0.655004
0.63225
0.612463
0.598258
0.593233
0.601426
0.625802
0.666288
0.719106
0.778376
0.838546
0.895754
0.947857
0.993889
1.03351
1.06669
1.09349
1.11415
1.12908
1.13897
1.14491
1.14854
1.15206
1.15813
1.16916
1.18634
1.2083
1.23047
1.24597
1.24849
1.2352
1.20722
1.16804
1.1217
1.07177
1.02104
0.971526
0.924544
0.880779
0.840281
0.802438
0.766071
0.729804
0.692694
0.65479
0.617214
0.58177
0.550538
0.525778
0.510073
0.506399
0.517757
0.54609
0.590858
0.648414
0.71307
0.779073
0.841981
0.898936
0.948255
0.988964
1.02058
1.04312
1.05716
1.06381
1.06464
1.06157
1.05695
1.05348
1.05406
1.06139
1.07725
1.10151
1.13131
1.16074
1.18235
1.1904
1.1834
1.16372
1.13555
1.10317
1.07007
1.03883
1.01104
0.987395
0.967587
0.950282
0.933202
0.913502
0.888561
0.857072
0.819845
0.77957
0.739715
0.703579
0.673986
0.653296
0.643323
0.645037
0.658217
0.681385
0.712198
0.748131
0.787122
0.827946
0.870233
0.914063
0.95913
1.00391
1.04574
1.08198
1.11115
1.13328
1.14951
1.16175
1.17215
1.1828
1.19535
1.21067
1.22863
1.24803
1.2666
1.28112
1.28765
1.28217
1.26199
1.22725
1.18107
1.12783
1.07155
1.01515
0.960378
0.908039
0.858237
0.810624
0.764673
0.719949
0.676297
0.633913
0.593307
0.555239
0.520707
0.491048
0.468124
0.454538
0.453671
0.469136
0.503296
0.555318
0.620479
0.691728
0.7622
0.826788
0.882414
0.927632
0.962139
0.986378
1.00127
1.00805
1.00816
1.00328
0.995376
0.986819
0.980434
0.979362
0.986556
1.00394
1.03142
1.06603
1.10172
1.13108
1.1488
1.15376
1.1483
1.1362
1.12121
1.10639
1.09397
1.08524
1.08055
1.07916
1.07936
1.07847
1.07308
1.05954
1.03527
1.00034
0.957893
0.912527
0.868462
0.828752
0.795287
0.768944
0.749688
0.736674
0.728455
0.723316
0.719685
0.716538
0.713726
0.7122
0.714153
0.722927
0.742271
0.774502
0.818466
0.869531
0.922009
0.971606
1.01618
1.05526
1.08931
1.11909
1.14533
1.16859
1.18924
1.20757
1.22387
1.23862
1.25259
1.26677
1.28189
1.29721
1.30924
1.31219
1.30102
1.27432
1.23422
1.18438
1.12842
1.06924
1.00898
0.949171
0.890876
0.834793
0.781343
0.730705
0.682846
0.637597
0.594798
0.55453
0.517284
0.483982
0.455942
0.434971
0.423591
0.425194
0.44366
0.481834
0.539033
0.609667
0.685068
0.757117
0.820487
0.872705
0.913231
0.942566
0.961701
0.971865
0.974443
0.970971
0.963164
0.953
0.942836
0.935513
0.934264
0.942209
0.961372
0.991526
1.02931
1.06841
1.10183
1.12506
1.13748
1.14128
1.1398
1.13625
1.13327
1.13264
1.13524
1.14104
1.14911
1.15779
1.16467
1.16658
1.15967
1.14051
1.10826
1.06579
1.01798
0.969418
0.923263
0.881268
0.844046
0.811339
0.782287
0.755718
0.730469
0.705676
0.680971
0.65658
0.633362
0.612906
0.59771
0.591265
0.597609
0.619937
0.658617
0.710283
0.769178
0.829607
0.887467
0.940411
0.987341
1.02785
1.06184
1.0894
1.11073
1.1262
1.1365
1.14267
1.14629
1.14951
1.15497
1.16518
1.18156
1.20317
1.22587
1.24297
1.24785
1.23707
1.21125
1.17366
1.12835
1.07901
1.02855
0.979085
0.93203
0.888153
0.847585
0.809784
0.773607
0.737644
0.700829
0.663052
0.625313
0.589375
0.557316
0.531379
0.514093
0.508376
0.517246
0.542856
0.585079
0.640725
0.704357
0.770194
0.833617
0.891569
0.942217
0.984472
1.01774
1.04191
1.05746
1.06541
1.06723
1.06483
1.06046
1.05679
1.0567
1.06296
1.07748
1.10049
1.12958
1.15926
1.18214
1.19202
1.1867
1.1681
1.14029
1.10761
1.07373
1.04136
1.01225
0.987229
0.966154
0.947861
0.930222
0.910481
0.885971
0.855172
0.818584
0.778646
0.738728
0.702146
0.671786
0.650095
0.639029
0.639758
0.652286
0.675299
0.706497
0.74327
0.783387
0.825414
0.868774
0.913378
0.958865
1.00379
1.04562
1.08181
1.11086
1.13275
1.14861
1.16031
1.17005
1.17998
1.19186
1.20668
1.22444
1.24397
1.26294
1.278
1.28503
1.27993
1.26002
1.22551
1.17954
1.12652
1.07049
1.01438
0.959981
0.908109
0.858868
0.811881
0.766563
0.722405
0.67919
0.637085
0.596613
0.558571
0.524009
0.494304
0.471354
0.457781
0.456971
0.472512
0.506695
0.558611
0.623512
0.694415
0.764574
0.828982
0.884602
0.929975
0.964746
0.989304
1.00453
1.01161
1.012
1.00736
0.999684
0.991337
0.985154
0.984273
0.991626
1.0091
1.03654
1.07093
1.10618
1.13485
1.15167
1.15556
1.14893
1.1356
1.11935
1.10329
1.08964
1.07973
1.07389
1.07143
1.07059
1.06869
1.06228
1.04779
1.02275
0.987401
0.944923
0.899876
0.856406
0.817527
0.78513
0.76012
0.742487
0.731395
0.725379
0.72268
0.721672
0.721281
0.721332
0.722793
0.727895
0.739981
0.762593
0.797521
0.842961
0.893978
0.945119
0.992592
1.03474
1.07143
1.10334
1.13134
1.1562
1.17851
1.19861
1.21678
1.2333
1.24859
1.26333
1.27825
1.29353
1.30746
1.3156
1.31219
1.29358
1.26008
1.21479
1.16152
1.1036
1.04355
0.983162
0.92369
0.86599
0.81062
0.757907
0.707973
0.660781
0.61621
0.574217
0.535042
0.499328
0.46813
0.442931
0.425806
0.419648
0.428164
0.45506
0.501983
0.566147
0.640203
0.715237
0.784138
0.842858
0.889881
0.925237
0.949727
0.964504
0.970897
0.970373
0.964547
0.955235
0.944565
0.935095
0.929868
0.932164
0.944781
0.968927
1.00312
1.04261
1.08045
1.11037
1.12953
1.13872
1.14078
1.13905
1.13651
1.1354
1.13709
1.14202
1.14976
1.15905
1.16794
1.17379
1.17311
1.162
1.13775
1.10097
1.05566
1.00683
0.958542
0.913358
0.872513
0.836215
0.803925
0.774641
0.747204
0.720615
0.694266
0.668078
0.642545
0.61877
0.598607
0.584847
0.581199
0.591604
0.618607
0.661524
0.716133
0.776491
0.837234
0.894691
0.946809
0.992614
1.03172
1.06403
1.08963
1.1088
1.12206
1.13022
1.13455
1.13686
1.13953
1.14529
1.15656
1.1744
1.19729
1.22053
1.23714
1.24078
1.22862
1.20186
1.16401
1.11919
1.071
1.02223
0.9749
0.930293
0.889036
0.851064
0.815592
0.781235
0.746439
0.710178
0.672548
0.634817
0.598968
0.567229
0.541951
0.52573
0.521454
0.531918
0.558821
0.601522
0.656596
0.718839
0.782994
0.844942
0.901924
0.952177
0.994518
1.02818
1.05291
1.06909
1.07769
1.08024
1.07866
1.0753
1.07282
1.07407
1.08164
1.09718
1.12055
1.14895
1.17664
1.19627
1.20204
1.19225
1.16921
1.13719
1.1006
1.06306
1.02717
0.994605
0.966087
0.941404
0.919361
0.897895
0.874458
0.846776
0.813805
0.776359
0.736852
0.698392
0.664039
0.636575
0.618522
0.612018
0.618394
0.637634
0.668168
0.707284
0.751958
0.799618
0.8485
0.897556
0.945982
0.992582
1.03546
1.07248
1.1021
1.124
1.13899
1.14874
1.15543
1.16149
1.1692
1.18037
1.19583
1.21512
1.23619
1.25536
1.26774
1.26835
1.25383
1.224
1.18176
1.13157
1.07773
1.0235
0.971017
0.921391
0.874898
0.831155
0.789345
0.74853
0.708008
0.667593
0.627705
0.589274
0.553588
0.522235
0.497199
0.48106
0.477056
0.488647
0.518208
0.565279
0.625845
0.693629
0.762334
0.827094
0.884741
0.933461
0.972409
1.00146
1.02107
1.03214
1.03596
1.03411
1.02854
1.02155
1.01593
1.01472
1.02086
1.03634
1.0613
1.09317
1.12627
1.15313
1.16775
1.16827
1.15676
1.13717
1.11361
1.0895
1.06738
1.04887
1.03462
1.02424
1.01626
1.00814
0.996637
0.978465
0.95148
0.915954
0.874718
0.831858
0.791252
0.755949
0.728135
0.709178
0.699557
0.698778
0.705457
0.71765
0.733351
0.75102
0.770016
0.790866
0.815259
0.84548
0.883006
0.926837
0.973309
1.01798
1.05772
1.09137
1.11931
1.14283
1.16344
1.18251
1.201
1.21941
1.23779
1.25593
1.27343
1.2897
1.30363
1.31293
1.31368
1.30147
1.27412
1.23321
1.18263
1.12643
1.06775
1.00863
0.950252
0.893264
0.838009
0.784712
0.733561
0.684727
0.638377
0.594687
0.553907
0.516477
0.483162
0.455187
0.434376
0.423328
0.425456
0.44449
0.482943
0.53991
0.61
0.68499
0.757002
0.820613
0.87312
0.913812
0.943143
0.962149
0.972133
0.974531
0.9709
0.962971
0.952741
0.9426
0.935406
0.934358
0.942487
0.961735
0.991872
1.0296
1.06868
1.10204
1.12514
1.13738
1.14103
1.13944
1.13586
1.13291
1.13237
1.13508
1.14097
1.14911
1.15778
1.16461
1.16641
1.15939
1.14013
1.10781
1.0653
1.01749
0.968977
0.922914
0.88104
0.843946
0.811356
0.782393
0.755878
0.730646
0.705845
0.681124
0.656726
0.633521
0.613106
0.597978
0.591631
0.598103
0.620569
0.659366
0.711087
0.769972
0.830348
0.88814
0.941021
0.9879
1.02837
1.06234
1.08987
1.11117
1.12663
1.13692
1.14309
1.14673
1.14999
1.15549
1.16577
1.18221
1.20383
1.22648
1.24343
1.2481
1.23709
1.21107
1.1733
1.12786
1.07841
1.02787
0.978352
0.93125
0.887332
0.846721
0.808872
0.772641
0.736624
0.699768
0.661974
0.62425
0.58836
0.556377
0.530545
0.513397
0.507861
0.516959
0.542835
0.585328
0.641201
0.704982
0.770881
0.834285
0.892153
0.942668
0.984757
1.01784
1.04183
1.0572
1.06499
1.06669
1.06419
1.05978
1.0561
1.05605
1.06238
1.07702
1.10016
1.12934
1.15905
1.18186
1.19163
1.18622
1.16759
1.13983
1.10726
1.07354
1.04136
1.01247
0.987671
0.966812
0.94871
0.93122
0.911571
0.887091
0.856273
0.819639
0.779656
0.739714
0.703132
0.672792
0.651131
0.640088
0.640808
0.65327
0.676147
0.707138
0.74365
0.783475
0.825209
0.868303
0.912707
0.958086
1.003
1.04492
1.08124
1.11046
1.13254
1.14858
1.16046
1.17035
1.18043
1.19241
1.20728
1.22504
1.24453
1.26345
1.27849
1.2856
1.28067
1.26097
1.22667
1.18082
1.12784
1.07178
1.01558
0.961048
0.909019
0.859603
0.812437
0.76695
0.722644
0.679311
0.637118
0.596577
0.558476
0.523846
0.494048
0.470958
0.457181
0.456089
0.471284
0.505116
0.556764
0.621547
0.692484
0.762781
0.82737
0.883171
0.928703
0.963606
0.988272
1.00358
1.01073
1.01116
1.00655
0.998852
0.990444
0.984147
0.983096
0.99024
1.0075
1.03478
1.06915
1.10454
1.13356
1.15082
1.15518
1.14898
1.13602
1.12008
1.10427
1.09085
1.08114
1.07549
1.07323
1.07262
1.071
1.06494
1.05085
1.02619
0.991099
0.948717
0.903603
0.859936
0.820763
0.787992
0.762539
0.744404
0.732762
0.726162
0.722856
0.721223
0.720188
0.719562
0.720288
0.724566
0.735727
0.757376
0.791479
0.836452
0.887455
0.938961
0.987021
1.02983
1.06717
1.09964
1.12811
1.15334
1.1759
1.19616
1.2144
1.23089
1.24608
1.26066
1.27543
1.29072
1.3051
1.31438
1.31275
1.29613
1.2644
1.22041
1.16797
1.11051
1.05063
0.990234
0.930636
0.872741
0.817146
0.764199
0.714039
0.666629
0.621839
0.579593
0.540089
0.503929
0.472127
0.446116
0.427891
0.42024
0.426794
0.451343
0.495914
0.558315
0.631627
0.706928
0.776795
0.836832
0.885279
0.922025
0.947801
0.963722
0.971095
0.971365
0.966127
0.957169
0.946573
0.936843
0.930967
0.932225
0.943525
0.96632
0.999484
1.03865
1.07698
1.10795
1.12827
1.13835
1.14088
1.13924
1.13646
1.13489
1.13602
1.1404
1.1477
1.15676
1.16569
1.17193
1.17209
1.16226
1.13946
1.10391
1.05932
1.01069
0.962264
0.916754
0.875536
0.838924
0.806453
0.777151
0.749855
0.723517
0.697464
0.671542
0.646175
0.622398
0.601986
0.587638
0.583002
0.592058
0.617568
0.659181
0.712933
0.772924
0.833676
0.891374
0.943865
0.990124
1.02975
1.06263
1.08886
1.10867
1.12256
1.13129
1.13608
1.13866
1.14136
1.14689
1.15773
1.17506
1.19758
1.22082
1.23788
1.24229
1.23094
1.20481
1.16732
1.12257
1.0742
1.02507
0.977235
0.93203
0.890132
0.851542
0.815548
0.780827
0.745848
0.709544
0.671926
0.634173
0.59821
0.566231
0.540563
0.523779
0.518768
0.528388
0.554488
0.59662
0.651486
0.713864
0.77837
0.840741
0.898119
0.9487
0.991304
1.02519
1.0501
1.06642
1.07512
1.07769
1.07605
1.0725
1.06971
1.07052
1.07759
1.09265
1.11573
1.14418
1.17241
1.19307
1.20016
1.19174
1.16993
1.13896
1.10321
1.06635
1.03105
0.999023
0.971044
0.946946
0.925572
0.904869
0.88225
0.855338
0.822944
0.785764
0.746181
0.707349
0.672383
0.644091
0.62499
0.617197
0.622046
0.63958
0.668334
0.705713
0.748777
0.795006
0.842677
0.890817
0.938753
0.985442
1.02905
1.06732
1.09848
1.12198
1.13844
1.14943
1.15707
1.16374
1.17172
1.18281
1.19794
1.21678
1.2375
1.25677
1.26999
1.27225
1.25988
1.23208
1.19125
1.14167
1.08775
1.03294
0.97953
0.928781
0.881085
0.836167
0.7933
0.751616
0.710433
0.669535
0.629263
0.590444
0.554254
0.522164
0.496028
0.478287
0.472082
0.480939
0.507614
0.552292
0.611511
0.679122
0.748552
0.81453
0.873561
0.923635
0.963824
0.993977
1.01454
1.0264
1.03082
1.02935
1.02386
1.0166
1.01025
1.00785
1.01244
1.02624
1.04983
1.08118
1.11511
1.14428
1.16218
1.1662
1.15784
1.14084
1.11928
1.09671
1.07579
1.05828
1.04498
1.03565
1.02898
1.02259
1.01329
0.997641
0.97308
0.939287
0.898703
0.855403
0.813471
0.776154
0.74576
0.72373
0.710622
0.706048
0.708752
0.71689
0.728497
0.741992
0.756622
0.772782
0.792115
0.817169
0.850236
0.891499
0.938028
0.985113
1.02869
1.06666
1.09874
1.12583
1.14926
1.17037
1.19018
1.2093
1.22797
1.24618
1.2638
1.28062
1.29621
1.3093
1.31707
1.31494
1.2987
1.26732
1.22333
1.17083
1.11357
1.05429
0.994751
0.93602
0.878734
0.823299
0.769999
0.719048
0.670603
0.624788
0.581736
0.541693
0.505155
0.472995
0.446567
0.427846
0.419602
0.425401
0.448918
0.492161
0.553225
0.625702
0.700975
0.771506
0.83255
0.882027
0.919646
0.946094
0.962517
0.970268
0.970815
0.965754
0.956871
0.946239
0.93635
0.930162
0.930914
0.941507
0.9635
0.99601
1.03497
1.07368
1.10544
1.12663
1.13747
1.14057
1.13931
1.13676
1.13533
1.13652
1.14096
1.14833
1.15752
1.16668
1.17333
1.17416
1.16529
1.1436
1.10897
1.06488
1.01637
0.967752
0.921879
0.880202
0.84309
0.810115
0.780329
0.752581
0.725822
0.699369
0.673051
0.647258
0.622976
0.601899
0.586621
0.580696
0.588117
0.611854
0.651933
0.704723
0.764423
0.825434
0.883741
0.937016
0.984114
1.02455
1.0582
1.08509
1.10547
1.1198
1.12884
1.13376
1.13627
1.13864
1.14357
1.15362
1.17021
1.19239
1.21609
1.23459
1.24116
1.23215
1.20803
1.17206
1.12831
1.08055
1.03174
0.98404
0.938867
0.896979
0.858448
0.822624
0.788212
0.753638
0.717715
0.680294
0.642439
0.606041
0.573305
0.546553
0.528323
0.521459
0.52883
0.552451
0.592212
0.6452
0.706433
0.770548
0.833164
0.891278
0.942969
0.986959
1.0224
1.04891
1.06674
1.07675
1.08038
1.07947
1.07628
1.07342
1.07373
1.07989
1.09381
1.11576
1.14351
1.17188
1.19362
1.20235
1.19549
1.17468
1.14401
1.10794
1.07027
1.03382
1.00044
0.971036
0.945585
0.923087
0.90163
0.878718
0.851957
0.819993
0.783267
0.743937
0.705044
0.669685
0.640694
0.620648
0.611791
0.615662
0.632546
0.661165
0.698967
0.742909
0.790278
0.839137
0.888312
0.93699
0.984086
1.02783
1.06606
1.0971
1.12037
1.13651
1.14702
1.15405
1.15997
1.16715
1.17752
1.19213
1.2108
1.2318
1.25172
1.26583
1.26901
1.25748
1.23039
1.19018
1.14116
1.08776
1.03346
0.980594
0.930453
0.883458
0.839333
0.797317
0.756458
0.715979
0.675576
0.635557
0.596773
0.560461
0.528154
0.501757
0.483726
0.47719
0.485635
0.511763
0.555745
0.614187
0.681075
0.749978
0.815729
0.874866
0.925357
0.966192
0.99712
1.01849
1.03112
1.03622
1.03534
1.03033
1.02345
1.01738
1.01514
1.01974
1.0334
1.05669
1.08758
1.12095
1.14944
1.16652
1.16948
1.15979
1.14124
1.11797
1.09358
1.07077
1.05134
1.03612
1.02494
1.01651
1.0085
0.997748
0.980912
0.955541
0.921411
0.880947
0.838118
0.796906
0.760522
0.731307
0.710791
0.699634
0.697531
0.703246
0.714899
0.730449
0.748226
0.767388
0.788225
0.812217
0.841586
0.878038
0.921054
0.967337
1.01244
1.05294
1.08739
1.116
1.13994
1.16074
1.17983
1.19826
1.21661
1.23498
1.25319
1.27084
1.28736
1.3017
1.31177
1.31388
1.30355
1.27818
1.23886
1.18929
1.13363
1.07517
1.01607
0.957619
0.900505
0.845092
0.791602
0.740218
0.691114
0.644457
0.600426
0.559261
0.521373
0.487477
0.458733
0.436882
0.424417
0.424663
0.441366
0.477305
0.532103
0.600908
0.675704
0.748429
0.813306
0.867314
0.90953
0.940291
0.960577
0.971664
0.974975
0.972048
0.964586
0.954548
0.944268
0.936545
0.934555
0.941389
0.959185
0.988041
1.02508
1.06435
1.09871
1.12315
1.13658
1.14102
1.13978
1.13617
1.1329
1.13186
1.13402
1.13944
1.14728
1.15593
1.16306
1.16562
1.15984
1.14216
1.11134
1.06984
1.02243
0.973845
0.927421
0.885061
0.847485
0.814513
0.785325
0.758756
0.733618
0.708996
0.684463
0.660181
0.636942
0.61625
0.600494
0.593066
0.597999
0.618665
0.655788
0.706339
0.764686
0.82505
0.883164
0.936544
0.98401
1.02511
1.05975
1.08798
1.10998
1.12612
1.13703
1.14369
1.14763
1.15093
1.15617
1.16591
1.18173
1.20291
1.2256
1.24326
1.24914
1.23947
1.21458
1.17759
1.13253
1.08315
1.03242
0.982517
0.934917
0.890441
0.849282
0.810973
0.774436
0.738288
0.701427
0.663649
0.625859
0.589753
0.557372
0.53093
0.512923
0.506253
0.51398
0.538412
0.579667
0.634766
0.698319
0.764435
0.828325
0.886798
0.937954
0.980686
1.0144
1.03899
1.0549
1.06313
1.06513
1.06278
1.05831
1.05433
1.05376
1.05938
1.07324
1.09573
1.12468
1.15481
1.17876
1.19012
1.18636
1.16914
1.14243
1.11058
1.07731
1.04539
1.01665
0.991977
0.971303
0.953524
0.936557
0.917636
0.894004
0.863969
0.827843
0.787972
0.747743
0.710539
0.67929
0.656463
0.64402
0.643159
0.653952
0.675186
0.704654
0.7398
0.778407
0.819038
0.861139
0.904733
0.949669
0.994719
1.0374
1.07497
1.10566
1.12917
1.14646
1.1593
1.16983
1.1802
1.19218
1.20683
1.22427
1.24354
1.26256
1.27828
1.28687
1.28423
1.26723
1.23537
1.19124
1.13913
1.08323
1.02671
0.971535
0.918706
0.868451
0.820488
0.774301
0.729408
0.685577
0.642929
0.601915
0.56325
0.527884
0.497074
0.472558
0.456774
0.45296
0.464769
0.494982
0.54355
0.606497
0.67705
0.748139
0.814247
0.871898
0.919351
0.956095
0.982439
0.99922
1.0076
1.009
1.00503
0.997603
0.988987
0.981917
0.979499
0.984784
0.999983
1.0255
1.05902
1.09505
1.12622
1.14651
1.15391
1.15021
1.13904
1.12424
1.10904
1.09585
1.08618
1.08054
1.07847
1.07842
1.07792
1.07366
1.06199
1.03997
1.00703
0.96577
0.920656
0.876083
0.835356
0.800594
0.772876
0.752352
0.738336
0.72948
0.724088
0.720519
0.717598
0.714968
0.713339
0.714646
0.722024
0.739241
0.769058
0.811073
0.861185
0.913691
0.963933
1.00939
1.04934
1.08415
1.11455
1.14132
1.16505
1.18615
1.20492
1.22162
1.23669
1.25083
1.26497
1.27995
1.29535
1.30821
1.31297
1.30424
1.27993
1.24172
1.19316
1.13794
1.07909
1.01886
0.958873
0.900241
0.843718
0.789767
0.738607
0.690243
0.644528
0.601293
0.560567
0.522766
0.488739
0.459734
0.437463
0.424314
0.423539
0.439009
0.4739
0.528268
0.597291
0.672555
0.745624
0.810657
0.864767
0.907166
0.938239
0.958924
0.970424
0.974104
0.971476
0.964221
0.954267
0.943901
0.935881
0.9334
0.939651
0.956922
0.985429
1.02235
1.06178
1.0966
1.12171
1.1359
1.14101
1.14027
1.13699
1.1339
1.13293
1.1351
1.14052
1.14841
1.15721
1.16466
1.16772
1.16262
1.1457
1.11556
1.07448
1.0272
0.978463
0.93169
0.888851
0.850726
0.817181
0.787438
0.76036
0.734767
0.709738
0.684821
0.660146
0.636461
0.615216
0.598733
0.590332
0.594023
0.613291
0.649144
0.698861
0.756947
0.817535
0.87618
0.930231
0.978392
1.02015
1.05537
1.08409
1.10648
1.12291
1.13399
1.14071
1.14453
1.14752
1.15226
1.16136
1.17655
1.19743
1.2205
1.23941
1.24724
1.23976
1.21685
1.18141
1.13747
1.08884
1.0386
0.989013
0.941631
0.897342
0.856395
0.818367
0.782199
0.74647
0.70998
0.672396
0.634524
0.598035
0.564984
0.537589
0.518312
0.509994
0.515671
0.53775
0.576644
0.629769
0.692042
0.757653
0.821723
0.880916
0.933192
0.977325
1.0126
1.03878
1.0562
1.06575
1.06883
1.06726
1.06322
1.05929
1.05834
1.06318
1.07596
1.09731
1.12541
1.15536
1.17998
1.19254
1.18992
1.17333
1.1466
1.11414
1.07979
1.04648
1.01613
0.989771
0.967466
0.948265
0.930235
0.910727
0.887012
0.857291
0.821642
0.782161
0.742092
0.704783
0.673195
0.649874
0.636915
0.635714
0.646559
0.66839
0.699027
0.735819
0.776368
0.819014
0.862962
0.907988
0.953749
0.998969
1.04128
1.07812
1.10787
1.13034
1.14653
1.15823
1.16764
1.17699
1.18814
1.20228
1.21959
1.23907
1.25849
1.27451
1.28297
1.27962
1.26154
1.22866
1.18386
1.13155
1.07585
1.01985
0.96546
0.913613
0.864476
0.817695
0.772658
0.728786
0.68578
0.643741
0.603161
0.564836
0.529819
0.499479
0.475667
0.460937
0.458608
0.472282
0.504445
0.554544
0.618185
0.688548
0.758841
0.823912
0.880558
0.927165
0.963249
0.989093
1.0055
1.01361
1.01484
1.01084
1.00354
0.99528
0.988857
0.987387
0.993846
1.01025
1.03669
1.07044
1.10565
1.1349
1.15252
1.15702
1.15055
1.13691
1.11996
1.10289
1.08806
1.07689
1.06983
1.06631
1.06469
1.06234
1.0559
1.04178
1.0174
0.982747
0.940795
0.896017
0.852608
0.81368
0.781241
0.756314
0.739008
0.728579
0.723605
0.722313
0.723005
0.724497
0.726484
0.729803
0.736568
0.750009
0.773569
0.808966
0.854383
0.904942
0.955293
1.00177
1.04282
1.07844
1.10935
1.13652
1.16077
1.1827
1.20267
1.22093
1.23774
1.25346
1.26866
1.28388
1.29897
1.31183
1.31775
1.31119
1.28921
1.25282
1.20543
1.15084
1.09225
1.03197
0.971641
0.912395
0.854994
0.799941
0.747526
0.697864
0.650933
0.606655
0.565048
0.526418
0.491468
0.461309
0.437514
0.422296
0.418723
0.430596
0.461416
0.512126
0.578967
0.653989
0.728393
0.795606
0.852118
0.896786
0.929848
0.952218
0.96511
0.969896
0.968078
0.961305
0.951449
0.94071
0.931744
0.92767
0.931749
0.946565
0.972891
1.00864
1.04852
1.08544
1.11365
1.13109
1.13905
1.14056
1.13893
1.137
1.13683
1.13959
1.14554
1.15405
1.16376
1.17259
1.17777
1.17573
1.16257
1.13602
1.09739
1.05104
1.00193
0.953861
0.909125
0.868742
0.832757
0.800525
0.771007
0.743078
0.715828
0.688773
0.661959
0.635985
0.61206
0.59215
0.579171
0.576905
0.589202
0.618275
0.662976
0.718764
0.779675
0.840503
0.897754
0.949481
0.99475
1.03318
1.06468
1.08935
1.10752
1.11976
1.12697
1.13051
1.13229
1.13479
1.14076
1.15257
1.17108
1.19453
1.21798
1.23437
1.23749
1.22479
1.1977
1.15985
1.11536
1.06778
1.01988
0.973604
0.930185
0.890179
0.853428
0.81903
0.785488
0.751193
0.715147
0.677547
0.639786
0.603944
0.572318
0.547302
0.531513
0.527805
0.538853
0.566148
0.608843
0.663457
0.724928
0.788244
0.849504
0.906074
0.956215
0.99869
1.03265
1.05775
1.07432
1.08334
1.08631
1.08519
1.08234
1.08043
1.08228
1.0904
1.10631
1.12972
1.15768
1.1844
1.20258
1.20657
1.19487
1.16993
1.13608
1.09775
1.05855
1.02105
0.986866
0.956704
0.930319
0.906525
0.883306
0.858235
0.829222
0.795413
0.75771
0.718478
0.680695
0.647311
0.621075
0.604561
0.600008
0.608832
0.631007
0.664824
0.707345
0.755317
0.805971
0.857363
0.908219
0.957456
1.00365
1.04493
1.07943
1.10609
1.125
1.13722
1.14458
1.14938
1.15411
1.16113
1.17225
1.18824
1.20843
1.23032
1.24961
1.26084
1.25892
1.24121
1.20861
1.16479
1.11435
1.06137
1.00883
0.958568
0.911494
0.86769
0.826578
0.787142
0.748281
0.709208
0.669778
0.630566
0.59273
0.557804
0.527622
0.504413
0.490975
0.490628
0.506537
0.540267
0.590292
0.651929
0.719023
0.785931
0.848499
0.904051
0.950996
0.988523
1.01646
1.03519
1.04562
1.04904
1.04712
1.04191
1.03587
1.03185
1.03289
1.04168
1.05968
1.08631
1.11809
1.1486
1.17043
1.17852
1.17224
1.1545
1.12954
1.10142
1.07343
1.04789
1.02621
1.00882
0.995099
0.983332
0.970847
0.954463
0.931358
0.900291
0.862448
0.821028
0.779894
0.742522
0.711684
0.689472
0.677249
0.675448
0.683417
0.699525
0.721589
0.747472
0.775631
0.805493
0.83755
0.873035
0.912941
0.956651
1.00139
1.04346
1.08002
1.11
1.13387
1.15305
1.16939
1.18467
1.20026
1.21693
1.23478
1.25325
1.27129
1.28737
1.29932
1.30404
1.2976
1.27688
1.24165
1.19487
1.14086
1.08346
1.02538
0.968239
0.91278
0.859226
0.807537
0.757625
0.709492
0.663274
0.619224
0.577703
0.5392
0.504427
0.474475
0.450992
0.436381
0.433884
0.447219
0.479309
0.53022
0.595836
0.668859
0.741538
0.807903
0.864443
0.909713
0.943645
0.966962
0.9808
0.986508
0.985575
0.97966
0.970667
0.96087
0.953002
0.950189
0.955537
0.971329
0.998012
1.03323
1.07146
1.10545
1.12948
1.14178
1.14409
1.13977
1.13236
1.12485
1.11938
1.11723
1.1187
1.12315
1.12902
1.13398
1.13489
1.12802
1.10993
1.07934
1.0385
0.992043
0.944672
0.899863
0.859692
0.825066
0.795947
0.771567
0.750675
0.731862
0.713902
0.696052
0.678251
0.661228
0.64661
0.637058
0.636275
0.648344
0.675996
0.718562
0.771646
0.829222
0.886135
0.93919
0.986924
1.02894
1.06533
1.09634
1.1222
1.14316
1.15952
1.17181
1.18092
1.18825
1.19579
1.20582
1.22012
1.23855
1.25792
1.27211
1.27455
1.26153
1.23327
1.19275
1.14382
1.09006
1.03435
0.978829
0.924984
0.873754
0.825584
0.780436
0.737811
0.696902
0.656955
0.617738
0.579794
0.544324
0.512915
0.487457
0.470289
0.464398
0.473274
0.499965
0.545202
0.605801
0.675185
0.745966
0.812315
0.870714
0.91951
0.958192
0.986893
1.00617
1.01695
1.02048
1.01833
1.01232
1.00468
0.998014
0.995336
0.99972
1.01357
1.03757
1.06968
1.10462
1.13502
1.15457
1.16086
1.15532
1.1415
1.12332
1.10419
1.08668
1.07249
1.06235
1.056
1.05212
1.04835
1.04148
1.02795
1.0049
0.971784
0.931045
0.886909
0.8436
0.804403
0.77156
0.746381
0.729279
0.719789
0.716671
0.718198
0.722568
0.72836
0.734947
0.742814
0.753733
0.770616
0.796625
0.833293
0.878778
0.92836
0.976958
1.02119
1.05974
1.09282
1.12135
1.14646
1.16911
1.18997
1.20944
1.22774
1.24501
1.26149
1.27745
1.29298
1.30719
1.31711
1.31765
1.3041
1.27516
1.23316
1.18199
1.12533
1.06596
1.00581
0.946181
0.887921
0.83161
0.777626
0.7262
0.677436
0.631354
0.58797
0.547442
0.510225
0.477171
0.449563
0.429229
0.418745
0.421536
0.441422
0.481036
0.539417
0.610791
0.686474
0.758409
0.821329
0.872816
0.912398
0.940664
0.958705
0.967831
0.969484
0.965233
0.95682
0.946251
0.935919
0.928694
0.927811
0.936338
0.956205
0.987061
1.02542
1.06492
1.09863
1.12225
1.13533
1.14016
1.14001
1.13806
1.13681
1.13796
1.14225
1.14955
1.15889
1.16857
1.17627
1.17886
1.1725
1.1537
1.12158
1.079
1.03088
0.981819
0.934947
0.89197
0.853447
0.819084
0.788029
0.759168
0.731445
0.704126
0.67696
0.650236
0.624803
0.602166
0.58467
0.575629
0.579002
0.598194
0.634159
0.684199
0.742882
0.804357
0.864094
0.919288
0.96847
1.01097
1.04653
1.07515
1.09701
1.11255
1.12247
1.12786
1.1303
1.13196
1.13548
1.14359
1.15817
1.17914
1.20345
1.22502
1.23673
1.23362
1.21487
1.18305
1.14218
1.09621
1.0484
1.00116
0.95614
0.914306
0.875917
0.840498
0.806855
0.77335
0.738515
0.701793
0.663908
0.62662
0.592152
0.562845
0.541171
0.529853
0.531746
0.54917
0.582767
0.630589
0.688362
0.750905
0.813623
0.873173
0.927344
0.974625
1.01391
1.0445
1.0663
1.07987
1.08643
1.08765
1.08567
1.08298
1.08234
1.08651
1.09768
1.11672
1.14238
1.17053
1.19451
1.20727
1.20467
1.18694
1.15755
1.12107
1.08165
1.04249
1.00578
0.972766
0.943781
0.918208
0.894516
0.870479
0.843731
0.812606
0.776947
0.738313
0.699388
0.663158
0.632477
0.610029
0.598312
0.599343
0.614053
0.641739
0.680077
0.725835
0.775823
0.82754
0.879298
0.929915
0.978175
1.02243
1.06077
1.09167
1.11458
1.13008
1.1396
1.1452
1.14933
1.15447
1.16285
1.17591
1.19388
1.21535
1.23698
1.25374
1.26
1.25148
1.2271
1.18921
1.14216
1.09046
1.0377
0.986363
0.937855
0.892702
0.850668
0.810927
0.772337
0.733842
0.694871
0.655584
0.616855
0.580067
0.546925
0.519449
0.500122
0.492002
0.498445
0.52207
0.563161
0.618687
0.683108
0.750384
0.815559
0.875215
0.927208
0.970291
1.0039
1.02806
1.04335
1.05084
1.05198
1.0486
1.04293
1.03761
1.03562
1.03992
1.05273
1.0747
1.10402
1.13583
1.1629
1.17845
1.1793
1.16667
1.14431
1.11655
1.08716
1.05902
1.03405
1.01325
0.996606
0.983025
0.97036
0.955671
0.935861
0.908738
0.874151
0.834306
0.792809
0.753368
0.719122
0.692554
0.675496
0.668988
0.673035
0.686526
0.707481
0.733606
0.762909
0.79418
0.82724
0.862834
0.901991
0.944813
0.989455
1.03254
1.07086
1.10267
1.12793
1.14778
1.16398
1.17848
1.19295
1.20853
1.22563
1.24394
1.26247
1.27968
1.29342
1.30074
1.29791
1.28144
1.25018
1.20632
1.154
1.09736
1.03949
0.982342
0.926882
0.873431
0.821932
0.772212
0.724162
0.677832
0.633442
0.59135
0.552047
0.516215
0.484855
0.459469
0.442267
0.4363
0.445249
0.472382
0.51861
0.580835
0.652386
0.725492
0.793724
0.853
0.901384
0.938459
0.964731
0.981213
0.989184
0.99009
0.985535
0.977354
0.967717
0.959246
0.954992
0.958119
0.971186
0.995168
1.02846
1.06628
1.10151
1.1277
1.14202
1.14551
1.14136
1.13321
1.12425
1.1169
1.11267
1.11216
1.11497
1.11976
1.12436
1.12576
1.12034
1.10449
1.07634
1.03739
0.991931
0.944775
0.899706
0.859115
0.824184
0.795103
0.771268
0.7515
0.734345
0.718432
0.702803
0.687167
0.672044
0.658884
0.650194
0.649564
0.661094
0.687735
0.729167
0.781241
0.837964
0.894105
0.946413
0.99344
1.03485
1.07084
1.10172
1.1278
1.14933
1.16661
1.18006
1.19047
1.1991
1.20774
1.21854
1.2331
1.25114
1.26925
1.28126
1.28086
1.26483
1.23389
1.19118
1.14052
1.08536
1.02844
0.97178
0.916779
0.864332
0.814877
0.768414
0.724539
0.682576
0.641908
0.602389
0.56457
0.529593
0.498974
0.474565
0.458733
0.454553
0.465627
0.495008
0.543172
0.606397
0.677559
0.748999
0.814933
0.87206
0.91899
0.955462
0.981833
0.998844
1.00755
1.00929
1.00567
0.998556
0.990191
0.983242
0.980778
0.985897
1.00094
1.0264
1.05992
1.09589
1.12695
1.1472
1.15469
1.15115
1.14008
1.12526
1.10991
1.09647
1.08643
1.08036
1.07783
1.07736
1.07651
1.072
1.06014
1.03795
1.0049
0.963594
0.918492
0.873933
0.833186
0.79836
0.770555
0.749958
0.735924
0.72715
0.721968
0.718747
0.716299
0.714232
0.713221
0.715177
0.723232
0.741134
0.771569
0.814021
0.864316
0.916766
0.966775
1.01188
1.05144
1.08582
1.11582
1.14222
1.16563
1.1865
1.2051
1.22174
1.23683
1.25105
1.26534
1.28045
1.29586
1.30844
1.31256
1.30295
1.27778
1.23889
1.18992
1.13453
1.07568
1.01559
0.955807
0.897414
0.841133
0.787408
0.736445
0.688246
0.642665
0.599547
0.558945
0.521304
0.487502
0.458812
0.436982
0.424441
0.424482
0.44096
0.476919
0.53217
0.601656
0.676915
0.749634
0.814138
0.867662
0.909487
0.940028
0.960238
0.971326
0.974666
0.971778
0.96436
0.954358
0.944082
0.936319
0.934269
0.941095
0.958993
0.988035
1.02523
1.06452
1.09882
1.12322
1.13669
1.14123
1.14009
1.13656
1.13336
1.13236
1.13455
1.13998
1.14783
1.1565
1.16367
1.16625
1.16044
1.14268
1.11175
1.07016
1.0227
0.974055
0.927565
0.88512
0.847439
0.814348
0.785035
0.758345
0.733096
0.708374
0.683753
0.65939
0.636074
0.61531
0.599495
0.592027
0.596938
0.617596
0.654733
0.705325
0.763744
0.824196
0.882396
0.935847
0.98336
1.02448
1.05911
1.08731
1.10926
1.12534
1.13616
1.14274
1.14658
1.14979
1.15495
1.16464
1.18042
1.20162
1.22443
1.24229
1.24844
1.23907
1.21446
1.17772
1.13288
1.08369
1.03314
0.983408
0.935976
0.891671
0.850687
0.812551
0.776179
0.74017
0.703405
0.665668
0.627863
0.591692
0.55921
0.532637
0.514466
0.507585
0.515041
0.539137
0.580015
0.634751
0.698019
0.763966
0.827815
0.886366
0.937699
0.98068
1.01468
1.03958
1.05578
1.06427
1.0665
1.06432
1.05997
1.05606
1.05549
1.06104
1.07477
1.0971
1.12587
1.15588
1.17979
1.19114
1.18733
1.16996
1.143
1.11082
1.07715
1.04479
1.01557
0.990412
0.969255
0.951023
0.933661
0.914431
0.890602
0.860487
0.82438
0.784585
0.744455
0.70735
0.6762
0.653488
0.641207
0.6406
0.651778
0.673542
0.703671
0.739573
0.778984
0.820414
0.863242
0.907412
0.952677
0.997753
1.04017
1.07727
1.10739
1.13029
1.147
1.15931
1.1694
1.17942
1.19117
1.20573
1.22321
1.24258
1.26169
1.27735
1.28557
1.28223
1.26433
1.23163
1.18691
1.13453
1.07864
1.02231
0.967488
0.915098
0.865329
0.817861
0.77214
0.727653
0.684157
0.641775
0.600986
0.56254
0.527433
0.496975
0.472966
0.457911
0.455104
0.468178
0.499745
0.549449
0.613031
0.683648
0.75436
0.81985
0.876809
0.923592
0.959733
0.985553
1.00189
1.00991
1.01104
1.0069
0.999436
0.990953
0.984222
0.982359
0.988377
1.00437
1.03055
1.06435
1.10006
1.13025
1.14915
1.15509
1.15008
1.13784
1.1222
1.10636
1.09269
1.08261
1.07661
1.07412
1.07354
1.07231
1.06708
1.05421
1.03095
0.997038
0.955303
0.910249
0.86617
0.826258
0.792553
0.766079
0.746941
0.734404
0.727076
0.723228
0.721208
0.719858
0.718874
0.719052
0.722438
0.73225
0.752163
0.784508
0.828233
0.878812
0.930633
0.979445
1.02316
1.06137
1.09459
1.12367
1.14939
1.17235
1.19293
1.21142
1.22808
1.24335
1.25788
1.27252
1.28776
1.30255
1.31311
1.31369
1.29968
1.27032
1.22812
1.17684
1.12002
1.06041
1
0.94022
0.882023
0.826057
0.772706
0.722137
0.674336
0.629168
0.586533
0.546569
0.509812
0.477216
0.450143
0.430481
0.420877
0.424845
0.446243
0.487563
0.547414
0.619534
0.695067
0.766183
0.82799
0.878368
0.916999
0.944514
0.96198
0.970676
0.972024
0.967589
0.959125
0.948655
0.938608
0.931897
0.931785
0.941306
0.962229
0.993909
1.0325
1.07143
1.10389
1.12592
1.13745
1.1409
1.13962
1.13675
1.13477
1.1353
1.13908
1.14589
1.1547
1.16375
1.17058
1.17193
1.1639
1.14323
1.10953
1.06605
1.01777
0.969119
0.923064
0.881178
0.843926
0.810949
0.781337
0.753932
0.727641
0.701711
0.675895
0.650519
0.626518
0.605541
0.59014
0.58384
0.590651
0.613648
0.653032
0.705311
0.764711
0.825577
0.88383
0.93711
0.984271
1.02485
1.05872
1.08594
1.10672
1.1215
1.13101
1.13637
1.13924
1.14184
1.14685
1.15683
1.17324
1.19518
1.21861
1.23686
1.24319
1.23395
1.20957
1.1733
1.12919
1.081
1.03169
0.983414
0.937611
0.895051
0.855838
0.819369
0.784404
0.749419
0.71325
0.675737
0.637907
0.601602
0.568984
0.542348
0.524224
0.517471
0.525009
0.548921
0.589147
0.642745
0.704622
0.76928
0.832237
0.890442
0.941978
0.985612
1.02056
1.04652
1.06381
1.07331
1.07648
1.07517
1.07163
1.06848
1.06857
1.07462
1.08856
1.11069
1.13878
1.16759
1.18985
1.19918
1.19302
1.17306
1.14335
1.10832
1.07177
1.03648
1.0043
0.976123
0.951912
0.930634
0.910326
0.888419
0.862425
0.830915
0.794311
0.754832
0.715612
0.679819
0.650312
0.629637
0.61996
0.622725
0.638154
0.664984
0.700758
0.742575
0.787866
0.834837
0.882478
0.930174
0.977031
1.02135
1.06082
1.09351
1.11857
1.13644
1.14853
1.1569
1.16388
1.17178
1.18248
1.19703
1.21533
1.23582
1.25545
1.26989
1.27426
1.26459
1.23942
1.20058
1.15213
1.09854
1.04349
0.989464
0.9379
0.889332
0.843598
0.800052
0.757857
0.716312
0.67513
0.634562
0.595346
0.558574
0.525629
0.498257
0.478756
0.470138
0.475929
0.499191
0.540756
0.597856
0.664652
0.734422
0.80152
0.862091
0.913876
0.95579
0.987588
1.00965
1.02282
1.02831
1.02762
1.02256
1.01528
1.0084
1.00491
1.0079
1.01982
1.04167
1.07197
1.10616
1.13712
1.15791
1.16507
1.15942
1.14439
1.12412
1.10225
1.08161
1.06412
1.05075
1.04146
1.03514
1.02959
1.02174
1.0081
0.985769
0.953862
0.914309
0.87104
0.828277
0.789475
0.757113
0.732771
0.717144
0.709996
0.710213
0.716046
0.725539
0.737034
0.74962
0.763485
0.780081
0.801934
0.83172
0.87047
0.916074
0.963971
1.00959
1.05012
1.08476
1.11409
1.13929
1.16169
1.18236
1.202
1.22096
1.23931
1.25702
1.27401
1.2901
1.30458
1.31537
1.31844
1.30894
1.28418
1.24537
1.19618
1.14063
1.08188
1.02211
0.962666
0.904396
0.847832
0.793335
0.741164
0.691496
0.644447
0.600114
0.558656
0.52043
0.48613
0.456879
0.434343
0.420897
0.419767
0.434739
0.468913
0.522449
0.590871
0.66608
0.739636
0.805425
0.860258
0.903171
0.934508
0.955261
0.966711
0.970278
0.967496
0.960054
0.949876
0.939246
0.930908
0.928024
0.933769
0.950468
0.978496
1.01528
1.05513
1.09093
1.11737
1.13302
1.13959
1.14027
1.13833
1.1365
1.13671
1.13996
1.14637
1.15517
1.16484
1.17323
1.17743
1.17376
1.15846
1.12973
1.08949
1.04239
0.993269
0.945688
0.90171
0.862169
0.826973
0.795385
0.766321
0.738669
0.711575
0.68464
0.658003
0.63236
0.609035
0.590145
0.578769
0.578787
0.593911
0.625872
0.672863
0.729919
0.79108
0.851419
0.907752
0.958357
1.00243
1.03965
1.06997
1.09353
1.11068
1.12204
1.12858
1.13174
1.13354
1.13651
1.14341
1.15641
1.176
1.19984
1.22246
1.23672
1.23692
1.22129
1.19182
1.15233
1.10689
1.05893
1.01103
0.965025
0.922017
0.882442
0.846015
0.811718
0.778005
0.743332
0.706896
0.669125
0.631571
0.596367
0.565814
0.542331
0.528588
0.527468
0.541537
0.571947
0.617352
0.673841
0.736204
0.799545
0.860183
0.915678
0.964413
1.00524
1.0374
1.06071
1.07563
1.08324
1.08516
1.08341
1.08042
1.07891
1.0817
1.09117
1.10859
1.13322
1.16159
1.18741
1.20344
1.20468
1.19047
1.16377
1.12906
1.09064
1.05191
1.01527
0.982161
0.953107
0.927683
0.90452
0.881466
0.856065
0.826363
0.791799
0.753602
0.714343
0.677055
0.644667
0.619897
0.605264
0.602871
0.613883
0.637951
0.6731
0.716299
0.764384
0.814777
0.865724
0.916079
0.964778
1.01033
1.05077
1.0843
1.10997
1.12801
1.13962
1.14671
1.15162
1.15684
1.16464
1.17667
1.19346
1.21405
1.23568
1.25385
1.26311
1.25868
1.23842
1.20369
1.15838
1.10709
1.05375
1.00116
0.951022
0.904092
0.860351
0.819151
0.779467
0.740257
0.700854
0.66124
0.622085
0.584589
0.550298
0.521062
0.49917
0.487506
0.489444
0.508058
0.544568
0.596945
0.660115
0.727815
0.794522
0.856277
0.910575
0.955977
0.991809
1.01803
1.03515
1.04414
1.04639
1.04362
1.03792
1.03181
1.02821
1.03015
1.04021
1.05964
1.08746
1.11976
1.14979
1.17024
1.17668
1.16911
1.15074
1.12585
1.09839
1.07148
1.0473
1.02711
1.01119
0.998739
0.987864
0.975759
0.959189
0.935422
0.903485
0.864906
0.823115
0.782022
0.745039
0.714835
0.69337
0.681834
0.68046
0.688423
0.703991
0.72499
0.749389
0.775816
0.803916
0.834424
0.868795
0.908142
0.951792
0.996803
1.03931
1.07642
1.10705
1.13167
1.15169
1.16888
1.18494
1.20117
1.21825
1.23625
1.25466
1.27255
1.2886
1.30086
1.30636
1.30113
1.28178
1.24776
1.20183
1.14826
1.09093
1.03264
0.975035
0.918955
0.864686
0.81226
0.761655
0.712917
0.666191
0.621714
0.579805
0.540904
0.505664
0.475109
0.450805
0.435044
0.43096
0.442264
0.472101
0.521044
0.585499
0.658363
0.731681
0.799119
0.856867
0.903307
0.938294
0.962527
0.977138
0.983469
0.983004
0.977379
0.968463
0.958475
0.95009
0.946399
0.950554
0.96501
0.990511
1.0251
1.06361
1.09887
1.12482
1.13919
1.14336
1.14055
1.1343
1.12763
1.12279
1.12112
1.12301
1.12792
1.13443
1.1403
1.14255
1.1375
1.12152
1.09287
1.05326
1.00715
0.959367
0.913603
0.872105
0.835902
0.805054
0.778871
0.75617
0.735585
0.715908
0.696379
0.676881
0.65804
0.641308
0.629119
0.62496
0.632936
0.656307
0.695378
0.746588
0.804067
0.862237
0.917312
0.967349
1.01164
1.05009
1.08287
1.11017
1.13219
1.14924
1.16182
1.17077
1.17744
1.18376
1.1921
1.20461
1.22203
1.24235
1.26033
1.26909
1.2634
1.24192
1.20675
1.16159
1.11027
1.05602
1.00129
0.947831
0.896798
0.848798
0.803921
0.761739
0.72141
0.681993
0.642954
0.604561
0.567873
0.534448
0.506129
0.485098
0.474078
0.476368
0.495251
0.532492
0.586532
0.652106
0.722116
0.790184
0.85198
0.90516
0.948715
0.98241
1.0065
1.02166
1.02894
1.02976
1.02584
1.01924
1.01241
1.00821
1.00972
1.01965
1.03945
1.06825
1.10202
1.13393
1.15676
1.16634
1.16272
1.14896
1.12907
1.10681
1.08519
1.06629
1.0513
1.04041
1.03276
1.02644
1.01856
1.0057
0.984736
0.954313
0.915863
0.873045
0.830073
0.79052
0.757017
0.731321
0.714341
0.70608
0.705638
0.711402
0.721442
0.734001
0.747961
0.763228
0.780941
0.80337
0.833118
0.871426
0.916562
0.964209
1.00978
1.05031
1.08487
1.11393
1.13872
1.16062
1.18081
1.20008
1.21883
1.23716
1.255
1.2722
1.28849
1.30307
1.31388
1.31696
1.30749
1.2828
1.24404
1.19492
1.13949
1.08096
1.02149
0.962415
0.904539
0.848348
0.794166
0.742232
0.692721
0.645763
0.601474
0.560036
0.521821
0.487532
0.458303
0.435814
0.422459
0.42147
0.436606
0.47089
0.524402
0.592657
0.667645
0.74103
0.806744
0.861591
0.904574
0.936008
0.956867
0.968421
0.972088
0.969401
0.962052
0.951971
0.94145
0.933242
0.930503
0.936384
0.95318
0.981232
1.01795
1.05761
1.09308
1.11907
1.13416
1.14012
1.14018
1.13762
1.1352
1.13485
1.13759
1.14354
1.15192
1.16121
1.1692
1.17294
1.16875
1.1529
1.12371
1.08322
1.0361
0.987153
0.939919
0.89643
0.857506
0.82304
0.792277
0.764107
0.737385
0.711222
0.685194
0.659431
0.634648
0.612215
0.594325
0.584151
0.585633
0.602411
0.635942
0.684048
0.741529
0.802447
0.862069
0.917438
0.967014
1.01012
1.04652
1.07621
1.09933
1.11623
1.12753
1.1342
1.1377
1.14003
1.14376
1.1516
1.16554
1.18571
1.20931
1.23046
1.24205
1.23896
1.22013
1.18798
1.14645
1.0995
1.05041
1.00165
0.954906
0.911205
0.870899
0.833647
0.798417
0.763718
0.728153
0.691126
0.653237
0.61609
0.581778
0.552554
0.530841
0.519378
0.521123
0.538612
0.572732
0.621637
0.680891
0.744967
0.808917
0.869169
0.923434
0.970256
1.00867
1.03817
1.05881
1.07125
1.07673
1.07697
1.07407
1.07051
1.06908
1.0726
1.0834
1.10249
1.12871
1.15795
1.18348
1.19815
1.19775
1.18248
1.15574
1.12202
1.08542
1.04913
1.01535
0.985334
0.95941
0.936931
0.916278
0.895066
0.870688
0.841213
0.806318
0.767603
0.727959
0.690594
0.658485
0.634295
0.620375
0.61852
0.629489
0.652586
0.685724
0.726043
0.77074
0.817672
0.865522
0.913554
0.961016
1.00651
1.04788
1.08299
1.11058
1.13067
1.14438
1.15358
1.16054
1.16764
1.17699
1.19
1.20703
1.22706
1.24756
1.26453
1.27309
1.26872
1.24894
1.21451
1.16895
1.11678
1.06202
1.00759
0.955267
0.905872
0.859461
0.815519
0.773217
0.731743
0.69062
0.649898
0.610164
0.572417
0.537962
0.508423
0.485899
0.473158
0.47361
0.490626
0.525986
0.57819
0.642265
0.71156
0.779964
0.843032
0.898018
0.94347
0.978863
1.00435
1.02062
1.02875
1.03013
1.02647
1.0198
1.01257
1.00765
1.00817
1.01687
1.03535
1.06305
1.09648
1.1292
1.1538
1.16536
1.16334
1.15057
1.13113
1.10891
1.08704
1.06776
1.05239
1.04125
1.03359
1.02759
1.02044
1.00872
0.98923
0.960279
0.922878
0.880452
0.837262
0.797053
0.762626
0.735872
0.717815
0.708563
0.707295
0.712433
0.722017
0.734211
0.747782
0.762495
0.779346
0.800505
0.828649
0.865388
0.909514
0.956992
1.0031
1.04455
1.0801
1.11007
1.1356
1.15806
1.17866
1.19822
1.21719
1.23568
1.25363
1.2709
1.28727
1.30208
1.31353
1.31798
1.31059
1.28817
1.25129
1.2034
1.14859
1.09023
1.03063
0.971246
0.912956
0.856296
0.801623
0.749195
0.699203
0.651782
0.607045
0.56515
0.526422
0.491496
0.461423
0.437784
0.422848
0.419723
0.432161
0.463454
0.514302
0.580913
0.655581
0.729758
0.796924
0.853482
0.898184
0.931216
0.953496
0.966273
0.970951
0.969045
0.962215
0.952348
0.941669
0.932855
0.929022
0.933376
0.948423
0.974878
1.01064
1.05041
1.08709
1.11491
1.13187
1.13934
1.14041
1.1384
1.13616
1.13574
1.1383
1.14408
1.15242
1.16192
1.1705
1.17534
1.17287
1.15923
1.13225
1.09333
1.04689
0.997873
0.950038
0.90565
0.865695
0.830195
0.798482
0.769494
0.742088
0.715343
0.688774
0.662432
0.636938
0.613531
0.594229
0.582005
0.580689
0.594099
0.624282
0.66983
0.726016
0.786864
0.847291
0.903956
0.955037
0.999685
1.03757
1.06862
1.09295
1.1109
1.12302
1.13024
1.13391
1.13597
1.1389
1.14544
1.15787
1.17685
1.20032
1.22305
1.23793
1.23905
1.22433
1.19549
1.1563
1.11082
1.06254
1.01411
0.967416
0.923621
0.883229
0.846036
0.811118
0.776998
0.742142
0.705681
0.667934
0.63035
0.594996
0.564138
0.540166
0.52573
0.523734
0.53685
0.56643
0.61134
0.667768
0.730431
0.794262
0.855416
0.91135
0.960417
1.00149
1.03384
1.05729
1.07231
1.07996
1.08184
1.07994
1.07667
1.07473
1.07697
1.08585
1.10277
1.12718
1.15578
1.18242
1.19979
1.20264
1.19004
1.16479
1.1313
1.09389
1.05601
1.02013
0.987739
0.95942
0.934799
0.912536
0.890471
0.866075
0.837253
0.803277
0.765272
0.725808
0.687989
0.654805
0.628991
0.613043
0.609033
0.618134
0.640081
0.673043
0.71414
0.760321
0.809077
0.858725
0.908231
0.956689
1.00274
1.0444
1.07964
1.10725
1.12719
1.14049
1.14897
1.1549
1.16072
1.1687
1.18051
1.19678
1.21676
1.23801
1.25645
1.26692
1.26455
1.24664
1.21381
1.16956
1.11844
1.06456
1.01093
0.95942
0.91095
0.865627
0.822932
0.781952
0.741723
0.701592
0.66148
0.621939
0.584026
0.549139
0.518983
0.495692
0.482015
0.481299
0.496858
0.530504
0.58091
0.643384
0.711533
0.779402
0.842598
0.898328
0.945018
0.981961
1.00912
1.02703
1.03664
1.03931
1.03669
1.03081
1.02409
1.0194
1.0198
1.02807
1.04581
1.07259
1.10509
1.137
1.16086
1.17149
1.16808
1.15338
1.13151
1.10649
1.08157
1.05908
1.04045
1.02609
1.01539
1.00661
0.997045
0.983393
0.962578
0.933021
0.895697
0.853854
0.811564
0.772483
0.739439
0.714455
0.698755
0.692646
0.695436
0.705563
0.720981
0.739703
0.760314
0.782381
0.806646
0.83487
0.869015
0.909686
0.954844
1.00043
1.04249
1.07877
1.10886
1.13364
1.15463
1.17342
1.19132
1.2092
1.22735
1.24567
1.26372
1.28086
1.29608
1.30761
1.31229
1.30581
1.28477
1.24914
1.20206
1.14778
1.08995
1.03109
0.97272
0.915626
0.860188
0.806593
0.754979
0.705501
0.658332
0.613669
0.571758
0.532974
0.497944
0.4677
0.44382
0.428598
0.425169
0.437252
0.468029
0.518082
0.583698
0.657493
0.731236
0.798501
0.855577
0.901035
0.934911
0.958029
0.971593
0.976986
0.975708
0.969412
0.959979
0.949637
0.941066
0.937371
0.941722
0.956581
0.98266
1.01791
1.05708
1.09302
1.11985
1.13547
1.14128
1.14045
1.1364
1.13207
1.12958
1.13017
1.13416
1.14093
1.14905
1.15635
1.15992
1.15613
1.14125
1.11332
1.07394
1.02758
0.979131
0.932298
0.889323
0.851199
0.817948
0.788881
0.762866
0.73865
0.715176
0.691835
0.66861
0.646133
0.625756
0.609704
0.601217
0.604305
0.622594
0.657346
0.706066
0.763333
0.823245
0.88131
0.934876
0.982695
1.02432
1.05967
1.08882
1.11193
1.12932
1.14151
1.1494
1.15434
1.1583
1.16374
1.17322
1.18842
1.20888
1.231
1.24835
1.25418
1.24454
1.21957
1.18228
1.13664
1.08641
1.03459
0.983386
0.934304
0.888227
0.84543
0.805569
0.767711
0.73059
0.69315
0.655131
0.617317
0.581276
0.548943
0.522458
0.504274
0.497302
0.504711
0.529022
0.570587
0.626497
0.691177
0.758402
0.823093
0.88191
0.932945
0.975183
1.00817
1.03193
1.04701
1.05444
1.0557
1.05264
1.04748
1.04282
1.04159
1.04665
1.06018
1.08272
1.1122
1.14343
1.16905
1.18255
1.18128
1.16676
1.14283
1.11378
1.0833
1.05416
1.0282
1.00634
0.988499
0.973555
0.95937
0.943052
0.921624
0.893113
0.857637
0.81756
0.776457
0.737897
0.704895
0.679873
0.664655
0.66028
0.666735
0.682859
0.706618
0.735682
0.768041
0.802474
0.838733
0.877367
0.919
0.963167
1.00762
1.04906
1.0848
1.11368
1.13607
1.15338
1.16754
1.18053
1.19406
1.20922
1.22632
1.24486
1.26353
1.28035
1.29261
1.29681
1.28912
1.26686
1.23031
1.18271
1.12844
1.07134
1.01406
0.958184
0.904377
0.852734
0.803034
0.754992
0.708451
0.663471
0.620327
0.579477
0.541549
0.507403
0.478275
0.45598
0.443108
0.443051
0.45947
0.494797
0.548222
0.614895
0.68746
0.758704
0.823311
0.878205
0.922113
0.95498
0.977478
0.990697
0.995959
0.994763
0.988801
0.980042
0.970853
0.964063
0.962831
0.970139
0.987942
1.01616
1.05181
1.0888
1.11982
1.13975
1.14756
1.14557
1.13738
1.1266
1.11614
1.10809
1.10364
1.10297
1.1053
1.10888
1.11112
1.10864
1.09771
1.07541
1.04147
0.998924
0.952543
0.906713
0.86455
0.827887
0.797476
0.77316
0.754048
0.738753
0.725725
0.713624
0.70166
0.689831
0.679083
0.671439
0.670073
0.678991
0.701726
0.73915
0.788182
0.843109
0.898354
0.950205
0.996939
1.03816
1.07415
1.10535
1.13219
1.155
1.17405
1.18968
1.20243
1.21325
1.22358
1.23522
1.24966
1.26673
1.28325
1.29324
1.29061
1.27236
1.2394
1.19494
1.14275
1.08616
1.02779
0.969567
0.912833
0.85847
0.806958
0.758406
0.712583
0.669019
0.62725
0.587164
0.549231
0.514453
0.484213
0.460272
0.44496
0.441379
0.453247
0.483786
0.533554
0.598636
0.671463
0.743944
0.81009
0.866626
0.912326
0.94716
0.971708
0.986896
0.993903
0.994132
0.989204
0.981001
0.97175
0.964132
0.961249
0.966268
0.981592
1.00775
1.04236
1.07982
1.11285
1.13571
1.14653
1.14698
1.14041
1.13042
1.12009
1.1117
1.10663
1.10532
1.10723
1.11088
1.11387
1.11299
1.10448
1.085
1.05354
1.01249
0.96645
0.919979
0.87648
0.838049
0.805668
0.77939
0.758496
0.741718
0.727546
0.714589
0.701921
0.689338
0.677539
0.668266
0.664419
0.669885
0.688531
0.722148
0.768699
0.822914
0.878904
0.932339
0.980954
1.02403
1.06167
1.0943
1.12235
1.14617
1.16605
1.1823
1.1954
1.20622
1.21609
1.22682
1.24019
1.25675
1.27438
1.2878
1.2905
1.27814
1.25038
1.20985
1.16031
1.1053
1.0477
0.989687
0.932786
0.878033
0.826032
0.776996
0.730774
0.68691
0.644863
0.604349
0.565646
0.529626
0.497591
0.471188
0.452536
0.44446
0.450505
0.474209
0.517268
0.577388
0.648068
0.721148
0.789827
0.849947
0.89965
0.938521
0.966921
0.985623
0.995693
0.998442
0.995408
0.988376
0.979447
0.97114
0.966422
0.968491
0.980107
1.00255
1.03452
1.07147
1.10634
1.13247
1.14655
1.14923
1.14352
1.13311
1.12135
1.11082
1.10327
1.09949
1.09931
1.10155
1.10412
1.10404
1.09766
1.0814
1.05336
1.01489
0.9701
0.923708
0.879518
0.840039
0.806625
0.779656
0.758672
0.742559
0.729813
0.718904
0.708642
0.698501
0.688837
0.68106
0.677757
0.682608
0.69957
0.730967
0.775489
0.828293
0.883458
0.936397
0.984633
1.02737
1.06473
1.09722
1.12537
1.1496
1.17023
1.18754
1.20195
1.21415
1.22525
1.23685
1.25052
1.26676
1.28349
1.2955
1.29643
1.2822
1.25271
1.21076
1.16009
1.10417
1.04578
0.986985
0.929264
0.873606
0.820606
0.770512
0.723248
0.678469
0.635742
0.594848
0.556058
0.520188
0.488476
0.462523
0.444436
0.437068
0.444022
0.468893
0.513344
0.574883
0.646703
0.720397
0.789092
0.848693
0.89747
0.93516
0.962264
0.979676
0.988543
0.990227
0.986294
0.97854
0.969077
0.960437
0.955618
0.957844
0.969881
0.992965
1.0257
1.06344
1.09912
1.12622
1.14164
1.14611
1.14262
1.13475
1.12573
1.11806
1.11336
1.11231
1.11465
1.11916
1.12375
1.1255
1.12075
1.10582
1.07862
1.04038
0.995247
0.948039
0.90262
0.861487
0.825927
0.796233
0.771885
0.751768
0.734457
0.718561
0.703067
0.687595
0.672569
0.659343
0.650336
0.649072
0.659659
0.685215
0.725716
0.777263
0.833895
0.890247
0.9429
0.990289
1.03203
1.0683
1.09944
1.12576
1.14753
1.16505
1.17873
1.18932
1.19803
1.20662
1.21723
1.23152
1.24942
1.26775
1.28044
1.2811
1.26622
1.23629
1.19435
1.14422
1.08938
1.03262
0.975988
0.920925
0.868355
0.818745
0.772128
0.728125
0.686071
0.645331
0.605716
0.567731
0.532489
0.501488
0.476555
0.46001
0.454868
0.464705
0.492659
0.539457
0.601709
0.672483
0.74408
0.810546
0.868404
0.91614
0.953424
0.980569
0.998286
1.00761
1.00985
1.0066
0.999712
0.991391
0.984273
0.9814
0.985887
1.00016
1.02487
1.05792
1.09391
1.12549
1.14656
1.15485
1.15187
1.14106
1.12624
1.11068
1.09687
1.08638
1.07987
1.07696
1.07627
1.07541
1.07115
1.05982
1.03834
1.00598
0.965122
0.920171
0.875512
0.834493
0.799306
0.771123
0.7502
0.735952
0.727115
0.722033
0.71905
0.716926
0.715198
0.714453
0.71651
0.724424
0.741923
0.771793
0.813719
0.863688
0.916034
0.966081
1.01128
1.05092
1.08536
1.1154
1.14184
1.16531
1.18626
1.20499
1.22177
1.23701
1.25137
1.26574
1.28085
1.29623
1.30881
1.31304
1.30361
1.27861
1.23986
1.19097
1.13562
1.07679
1.01668
0.956861
0.898404
0.842036
0.788207
0.737129
0.688813
0.643126
0.59992
0.559245
0.521534
0.487653
0.458864
0.436901
0.424181
0.423978
0.440149
0.475771
0.530735
0.600071
0.675338
0.748186
0.812877
0.866598
0.908604
0.9393
0.95964
0.970834
0.974257
0.971428
0.964041
0.954037
0.94372
0.935867
0.933674
0.940312
0.958006
0.986877
1.02399
1.06336
1.09786
1.12255
1.13631
1.14109
1.14015
1.13679
1.1337
1.13278
1.13504
1.14054
1.14846
1.15722
1.16453
1.16732
1.1618
1.14436
1.11373
1.07232
1.02491
0.976215
0.92959
0.88696
0.849062
0.815736
0.786181
0.75925
0.733768
0.708822
0.683983
0.659401
0.635849
0.61481
0.598647
0.590719
0.59505
0.61506
0.651608
0.701812
0.760103
0.820653
0.879099
0.93287
0.98072
1.02216
1.05708
1.08552
1.10766
1.12386
1.13477
1.14136
1.14514
1.1482
1.15312
1.1625
1.17799
1.19906
1.22205
1.24051
1.24759
1.23924
1.21556
1.17953
1.13521
1.08636
1.03603
0.986437
0.939102
0.894881
0.853995
0.815993
0.779795
0.743984
0.707394
0.669748
0.631903
0.595551
0.562752
0.535727
0.516956
0.509299
0.515792
0.538789
0.57857
0.632394
0.695073
0.760792
0.82473
0.88362
0.935477
0.979113
1.01385
1.03948
1.05639
1.06549
1.06822
1.0664
1.06225
1.05836
1.0576
1.06279
1.07601
1.0978
1.12619
1.15613
1.18036
1.19227
1.18899
1.17192
1.14495
1.11248
1.07831
1.0453
1.01534
0.989392
0.967479
0.94859
0.93074
0.911244
0.887384
0.85742
0.821535
0.781921
0.741861
0.704702
0.673389
0.650441
0.637914
0.637145
0.648343
0.670382
0.701052
0.737716
0.778024
0.820381
0.864057
0.908877
0.954513
0.999658
1.0419
1.07867
1.10835
1.13078
1.14698
1.15877
1.16834
1.17789
1.18926
1.20359
1.22101
1.24048
1.25978
1.27558
1.28375
1.28008
1.2617
1.22855
1.18355
1.13109
1.0753
1.01923
0.964772
0.912838
0.863588
0.816667
0.771477
0.72746
0.684341
0.642237
0.601643
0.563349
0.5284
0.498155
0.474467
0.459894
0.457763
0.471682
0.504121
0.554494
0.618362
0.688868
0.759206
0.824225
0.880735
0.927147
0.963001
0.988608
1.00479
1.0127
1.01376
1.00962
1.00222
0.99391
0.98748
0.986053
0.992605
1.00914
1.03572
1.0696
1.10491
1.1342
1.15187
1.15647
1.15019
1.13681
1.12018
1.10348
1.08904
1.07826
1.07159
1.06842
1.0671
1.06501
1.05876
1.04476
1.02043
0.985762
0.943742
0.898869
0.855344
0.816275
0.783652
0.758477
0.740836
0.729969
0.724452
0.722518
0.72249
0.723207
0.724386
0.726884
0.732828
0.745469
0.768308
0.803175
0.848369
0.899043
0.94978
0.996802
1.03846
1.07466
1.1061
1.1337
1.15828
1.18043
1.20051
1.21879
1.23552
1.2511
1.26613
1.28123
1.29643
1.30986
1.31696
1.3121
1.29193
1.25706
1.21077
1.15686
1.0986
1.03843
0.97805
0.91866
0.861068
0.805805
0.753183
0.703323
0.6562
0.61172
0.56987
0.53092
0.495536
0.464794
0.440213
0.423928
0.418909
0.428909
0.457554
0.506191
0.5716
0.646149
0.720955
0.789137
0.846883
0.892849
0.927161
0.950676
0.964579
0.970222
0.969087
0.962807
0.953222
0.942491
0.933217
0.928476
0.931544
0.94513
0.970256
1.00517
1.0449
1.08239
1.11161
1.13006
1.13877
1.14065
1.13905
1.13686
1.13625
1.13851
1.14398
1.15214
1.16169
1.17063
1.17625
1.17505
1.16312
1.1379
1.10032
1.05454
1.00556
0.957316
0.912268
0.87155
0.835298
0.802925
0.773412
0.745621
0.718595
0.691788
0.665179
0.63931
0.615327
0.595123
0.581533
0.578287
0.589293
0.616981
0.660514
0.715565
0.776187
0.837062
0.894566
0.946666
0.992384
1.03132
1.06338
1.08864
1.10741
1.12023
1.12795
1.13189
1.13388
1.13636
1.14207
1.15344
1.17146
1.19459
1.21809
1.23495
1.23883
1.22693
1.20044
1.16293
1.11849
1.07076
1.02252
0.975767
0.931794
0.891203
0.853898
0.819046
0.785207
0.750784
0.714732
0.677163
0.639385
0.603428
0.571561
0.546157
0.529814
0.525394
0.535638
0.562178
0.604343
0.658762
0.720353
0.783986
0.845632
0.902568
0.953021
0.995757
1.02994
1.05524
1.07197
1.0811
1.08411
1.08294
1.07992
1.07771
1.07916
1.0868
1.10228
1.12542
1.15346
1.1807
1.19984
1.20506
1.19461
1.17077
1.13783
1.10022
1.06159
1.02457
0.990822
0.961096
0.935195
0.911963
0.889394
0.865022
0.836661
0.803328
0.76583
0.726507
0.688375
0.654432
0.627445
0.609978
0.604253
0.611696
0.632347
0.664608
0.705655
0.752315
0.801864
0.852394
0.90269
0.951768
0.998298
1.04039
1.07608
1.1041
1.12434
1.13776
1.1461
1.15161
1.15675
1.16389
1.17483
1.19044
1.21017
1.23176
1.25119
1.2632
1.26269
1.24664
1.21544
1.17242
1.12216
1.06885
1.0156
0.964408
0.916271
0.87137
0.829217
0.788881
0.749314
0.709744
0.669983
0.630523
0.59242
0.557108
0.526319
0.502183
0.487403
0.48527
0.499095
0.530823
0.579413
0.640475
0.707797
0.775454
0.838992
0.895524
0.943361
0.981665
1.01026
1.02956
1.04043
1.04416
1.04238
1.03708
1.03066
1.02592
1.02595
1.03351
1.05034
1.07619
1.108
1.1397
1.16378
1.17473
1.17135
1.15616
1.13331
1.1069
1.08029
1.05591
1.03528
1.01894
1.00638
0.996011
0.98522
0.970789
0.94968
0.920254
0.883316
0.84192
0.800025
0.761268
0.728532
0.703953
0.688912
0.683886
0.68832
0.700706
0.718963
0.740999
0.765254
0.79111
0.819079
0.850612
0.887271
0.929257
0.974349
1.01866
1.05864
1.09245
1.12
1.14236
1.1612
1.17823
1.19486
1.21196
1.22981
1.24814
1.26627
1.28321
1.29745
1.30666
1.30723
1.2951
1.26807
1.22744
1.17703
1.12106
1.06285
1.00454
0.94732
0.891734
0.837951
0.786011
0.735965
0.687938
0.642123
0.598779
0.55825
0.521041
0.487957
0.460257
0.439833
0.429375
0.432368
0.452468
0.491878
0.54927
0.61908
0.693331
0.764549
0.827581
0.879783
0.920391
0.949778
0.968921
0.97909
0.981707
0.978326
0.970686
0.960811
0.951129
0.944536
0.944227
0.953143
0.973055
1.00352
1.04101
1.07911
1.11076
1.13158
1.14126
1.14228
1.13812
1.1321
1.12686
1.12419
1.12496
1.12909
1.13558
1.14263
1.14766
1.14737
1.13793
1.11627
1.08214
1.0388
0.991188
0.943704
0.899343
0.859731
0.825394
0.795998
0.77059
0.747883
0.726589
0.705733
0.684889
0.664305
0.644972
0.628735
0.618458
0.617968
0.631265
0.660692
0.705056
0.759637
0.818399
0.876326
0.930309
0.97887
1.02152
1.05822
1.08911
1.11436
1.1342
1.14903
1.15949
1.16666
1.17218
1.17824
1.18734
1.20135
1.22034
1.24129
1.25819
1.26422
1.25504
1.23033
1.19283
1.14641
1.09482
1.0411
0.987543
0.93573
0.88665
0.840739
0.797879
0.757417
0.718333
0.679668
0.641061
0.60306
0.566976
0.534536
0.507718
0.488864
0.480857
0.48702
0.510293
0.551597
0.608349
0.67475
0.743946
0.810236
0.869928
0.921053
0.962743
0.994774
1.01739
1.03129
1.03758
1.03773
1.03355
1.0272
1.02126
1.01864
1.02237
1.03486
1.057
1.0871
1.1203
1.14932
1.16742
1.17152
1.1627
1.14453
1.12112
1.09612
1.07234
1.05168
1.03508
1.02251
1.01288
1.00401
0.992901
0.976199
0.951322
0.917795
0.8778
0.83518
0.793893
0.757184
0.727463
0.70637
0.694714
0.692357
0.698211
0.710479
0.727126
0.746402
0.767314
0.789953
0.815574
0.846195
0.883396
0.926652
0.97277
1.01743
1.05731
1.09102
1.11879
1.14184
1.16175
1.18005
1.19784
1.21577
1.23397
1.2522
1.26998
1.28658
1.30077
1.31026
1.31125
1.2994
1.27247
1.2319
1.18156
1.1256
1.06721
1.00849
0.950615
0.894192
0.839503
0.786708
0.735946
0.687376
0.641174
0.597548
0.556778
0.519327
0.48597
0.457943
0.437084
0.426005
0.428123
0.447129
0.485461
0.542151
0.611858
0.686507
0.758346
0.821986
0.87468
0.915652
0.9453
0.964624
0.974905
0.977571
0.974178
0.966454
0.956404
0.946422
0.939368
0.938433
0.946623
0.96585
0.995867
1.03338
1.07212
1.10501
1.12746
1.1389
1.14162
1.13904
1.13445
1.1305
1.12899
1.13079
1.13588
1.14329
1.1513
1.15747
1.15859
1.15083
1.1309
1.0981
1.05541
1.00772
0.959586
0.914124
0.87306
0.836981
0.805606
0.778034
0.753046
0.729419
0.706237
0.683105
0.660247
0.638566
0.619737
0.606384
0.602127
0.611027
0.636013
0.676897
0.729766
0.788695
0.84821
0.904587
0.955827
1.00109
1.04011
1.07292
1.09962
1.12042
1.1357
1.14613
1.15275
1.15714
1.16149
1.16838
1.18014
1.19771
1.2194
1.24028
1.2534
1.25285
1.23643
1.20569
1.16428
1.11615
1.06477
1.0128
0.962143
0.914031
0.869102
0.827384
0.788287
0.75071
0.713415
0.675626
0.637518
0.600243
0.565548
0.535441
0.512164
0.498353
0.497096
0.511464
0.543288
0.591609
0.65219
0.718861
0.785678
0.848265
0.903946
0.951261
0.989476
1.01836
1.03818
1.04971
1.05419
1.05324
1.04888
1.04348
1.03982
1.04085
1.04926
1.06667
1.09264
1.1238
1.15378
1.17514
1.18276
1.17587
1.15724
1.13107
1.10146
1.07172
1.04422
1.02042
1.00079
0.984846
0.970995
0.956715
0.938949
0.914956
0.88351
0.845729
0.804678
0.764078
0.727312
0.697141
0.675728
0.66457
0.664266
0.674296
0.693087
0.718426
0.748079
0.780361
0.814493
0.850675
0.88971
0.932046
0.976598
1.02051
1.06045
1.09416
1.12104
1.14189
1.15833
1.17233
1.18578
1.20014
1.21621
1.23398
1.25269
1.27087
1.2864
1.29642
1.29728
1.28527
1.25841
1.21801
1.16787
1.11231
1.05482
0.997699
0.942186
0.888756
0.837395
0.787874
0.739971
0.693625
0.648979
0.606365
0.56627
0.529357
0.49656
0.469252
0.449446
0.439974
0.444398
0.466231
0.507177
0.565257
0.634629
0.707663
0.777526
0.839535
0.891204
0.931702
0.96126
0.980726
0.991289
0.994334
0.991412
0.984287
0.97503
0.966139
0.960565
0.961487
0.971698
0.992679
1.02359
1.06052
1.09672
1.12519
1.14193
1.14707
1.14346
1.13479
1.12446
1.11517
1.10871
1.10597
1.10685
1.11027
1.11423
1.11593
1.11182
1.09823
1.07274
1.03603
0.991857
0.945063
0.899739
0.85862
0.823199
0.793938
0.77044
0.751644
0.736096
0.722301
0.709083
0.69589
0.682993
0.671617
0.664072
0.66379
0.674849
0.70042
0.740585
0.791518
0.847297
0.902608
0.954119
1.00038
1.0411
1.07658
1.10723
1.13341
1.15543
1.17356
1.18817
1.19993
1.20991
1.21975
1.23136
1.24617
1.26372
1.2804
1.28998
1.2865
1.26732
1.23362
1.18871
1.13638
1.07993
1.02192
0.964259
0.908253
0.854744
0.804157
0.756532
0.711551
0.668668
0.627392
0.587661
0.550031
0.515593
0.485805
0.462503
0.448096
0.445762
0.459203
0.49143
0.54257
0.608302
0.680975
0.752751
0.817977
0.873619
0.918561
0.952788
0.976859
0.991677
0.998409
0.998465
0.993484
0.985378
0.976421
0.969337
0.967249
0.97327
0.989645
1.01663
1.05152
1.0884
1.11997
1.14077
1.14937
1.14769
1.13923
1.1276
1.11587
1.10626
1.1001
1.09777
1.09865
1.10116
1.1028
1.10023
1.08971
1.06815
1.03504
0.993169
0.947168
0.901458
0.859258
0.822543
0.792221
0.768289
0.749973
0.735941
0.724623
0.714583
0.704877
0.695337
0.68677
0.681107
0.681476
0.691845
0.715682
0.753753
0.802885
0.857365
0.91171
0.962361
1.00775
1.04764
1.0824
1.11261
1.13875
1.16121
1.18027
1.19625
1.20968
1.2214
1.23274
1.24535
1.2604
1.27724
1.29214
1.29893
1.29205
1.26949
1.23292
1.18582
1.1319
1.07428
1.01533
0.956801
0.899887
0.845368
0.793661
0.744854
0.698738
0.654913
0.613028
0.573097
0.535671
0.501788
0.472854
0.450695
0.437776
0.437373
0.453262
0.488359
0.542393
0.610436
0.684372
0.756252
0.820599
0.874649
0.917556
0.949536
0.97134
0.98402
0.988845
0.987286
0.981023
0.972001
0.962537
0.955411
0.953796
0.960801
0.978555
1.00706
1.04327
1.08102
1.11313
1.1346
1.14443
1.14476
1.13901
1.13066
1.12256
1.11675
1.11437
1.1156
1.11966
1.12489
1.12876
1.12798
1.11871
1.0978
1.06469
1.02232
0.975463
0.928595
0.884881
0.846165
0.813189
0.785798
0.763135
0.743894
0.726646
0.710183
0.693819
0.677586
0.662365
0.650012
0.643484
0.646703
0.663588
0.696063
0.742283
0.797078
0.854464
0.90986
0.960704
1.006
1.04564
1.07985
1.10896
1.13324
1.15294
1.16841
1.18021
1.18932
1.19725
1.20603
1.2178
1.23375
1.25268
1.27012
1.27941
1.2749
1.2546
1.22016
1.17509
1.12321
1.06776
1.01126
0.955556
0.901878
0.850968
0.80311
0.758134
0.715477
0.674383
0.63431
0.595325
0.558221
0.524321
0.495274
0.47309
0.460344
0.4603
0.476501
0.511384
0.564216
0.630109
0.701603
0.771565
0.835031
0.889345
0.933476
0.967319
0.991291
1.00618
1.01311
1.01347
1.00895
1.00153
0.993571
0.98787
0.987548
0.995546
1.01373
1.04182
1.07643
1.11117
1.13869
1.15414
1.15682
1.14925
1.13521
1.1184
1.10185
1.08776
1.07737
1.07099
1.06787
1.06627
1.06343
1.05589
1.04009
1.01377
0.977475
0.934609
0.889694
0.846721
0.808566
0.777039
0.753004
0.73643
0.726472
0.721664
0.720255
0.72064
0.721772
0.723516
0.726905
0.734257
0.748946
0.774311
0.8116
0.858388
0.909506
0.959739
1.00573
1.04618
1.08121
1.11162
1.13835
1.16219
1.18373
1.20331
1.22118
1.23764
1.25309
1.26816
1.28341
1.29857
1.31124
1.31642
1.30865
1.28538
1.24795
1.1999
1.14501
1.08635
1.02621
0.96614
0.907242
0.850249
0.795635
0.743667
0.694434
0.647892
0.603951
0.562649
0.524337
0.489772
0.460121
0.437016
0.422748
0.420459
0.433967
0.466614
0.518951
0.586767
0.661925
0.735786
0.802081
0.857556
0.901218
0.93337
0.954944
0.967161
0.971397
0.969161
0.962124
0.952182
0.941577
0.933011
0.929632
0.934667
0.950571
0.97788
1.0142
1.05396
1.09005
1.117
1.13308
1.13988
1.1405
1.13825
1.13593
1.13554
1.13816
1.14399
1.15234
1.16174
1.17006
1.17441
1.17113
1.15641
1.12832
1.08859
1.04178
0.992755
0.945166
0.90116
0.861646
0.826588
0.795282
0.766647
0.739543
0.71306
0.686739
0.660662
0.635492
0.61253
0.593879
0.582615
0.582625
0.597652
0.629467
0.676296
0.733173
0.794121
0.854213
0.910285
0.960655
1.00456
1.04171
1.07208
1.0958
1.11321
1.1249
1.13182
1.13536
1.13751
1.14078
1.14792
1.16107
1.18065
1.20425
1.22633
1.23974
1.23894
1.22231
1.19194
1.15168
1.10554
1.05693
1.0084
0.961738
0.918053
0.877773
0.840625
0.805628
0.771289
0.736132
0.699409
0.661578
0.624168
0.589269
0.559141
0.536189
0.523101
0.522804
0.537907
0.569551
0.616277
0.673988
0.737291
0.801174
0.861926
0.917121
0.965198
1.0051
1.03619
1.05838
1.07225
1.07893
1.08007
1.07772
1.07432
1.07262
1.07545
1.0852
1.10311
1.12835
1.15725
1.18338
1.19948
1.20074
1.18678
1.1607
1.12696
1.08978
1.0525
1.01745
0.986024
0.958687
0.934941
0.91332
0.891565
0.867113
0.837947
0.803525
0.765189
0.725655
0.688071
0.655422
0.630412
0.615481
0.612586
0.62272
0.645416
0.678707
0.719702
0.765444
0.813579
0.862578
0.911528
0.959575
1.00533
1.04674
1.08175
1.10915
1.12896
1.14226
1.1509
1.15717
1.16349
1.17206
1.18442
1.2011
1.22117
1.24214
1.25989
1.26937
1.26586
1.24682
1.21303
1.16804
1.1164
1.06215
1.00825
0.9565
0.907763
0.862107
0.818999
0.777553
0.736862
0.696354
0.656015
0.616427
0.578637
0.544016
0.514246
0.491463
0.478441
0.478561
0.495143
0.529922
0.581409
0.644731
0.713384
0.781387
0.844372
0.899602
0.945573
0.981667
1.00794
1.02499
1.03383
1.03584
1.03271
1.02647
1.01957
1.01488
1.0155
1.02417
1.04245
1.06979
1.10272
1.13482
1.15865
1.16924
1.16601
1.15178
1.13069
1.10668
1.08295
1.06177
1.04448
1.03145
1.02199
1.01429
1.00557
0.992502
0.97196
0.942392
0.90486
0.862726
0.820137
0.780762
0.747395
0.721989
0.705666
0.698631
0.700115
0.70853
0.721861
0.738187
0.756185
0.775532
0.797106
0.822864
0.855045
0.89457
0.939602
0.986006
1.02955
1.06763
1.09961
1.12619
1.14877
1.16885
1.1877
1.20616
1.22457
1.24292
1.26092
1.27814
1.29391
1.30686
1.31425
1.31182
1.29548
1.26408
1.22006
1.16754
1.11039
1.05142
0.992408
0.934356
0.877806
0.82306
0.770327
0.719791
0.671622
0.625985
0.583067
0.543157
0.506768
0.474782
0.448574
0.430163
0.42238
0.428817
0.453065
0.496913
0.558221
0.630536
0.705415
0.775529
0.836242
0.885492
0.922964
0.94932
0.965693
0.973429
0.973995
0.968991
0.960208
0.949741
0.940105
0.934279
0.935486
0.946562
0.968956
1.00166
1.04049
1.07865
1.10948
1.1295
1.13908
1.14096
1.13854
1.13493
1.13253
1.13285
1.13651
1.14316
1.15166
1.16011
1.16591
1.16569
1.15558
1.13266
1.09711
1.05263
1.00422
0.956118
0.911078
0.870488
0.834672
0.803163
0.774968
0.748882
0.723801
0.698999
0.674284
0.650069
0.627408
0.608125
0.594995
0.591739
0.602341
0.629389
0.672194
0.726487
0.7863
0.84631
0.902947
0.954278
0.999444
1.03815
1.07035
1.09616
1.11581
1.12976
1.13878
1.14406
1.14733
1.15092
1.15748
1.16937
1.18744
1.2099
1.23175
1.24597
1.24658
1.23133
1.20177
1.16156
1.11472
1.06476
1.01435
0.965412
0.919162
0.876196
0.836456
0.799216
0.763214
0.727067
0.689932
0.65202
0.614596
0.579542
0.548982
0.52522
0.510897
0.509017
0.522489
0.552968
0.59948
0.658035
0.722888
0.788472
0.850607
0.906635
0.954977
0.994701
1.02535
1.04698
1.06022
1.06623
1.06662
1.06339
1.05892
1.05594
1.05738
1.06582
1.08283
1.10795
1.13792
1.16647
1.1862
1.19184
1.18249
1.16089
1.13135
1.09807
1.06446
1.03296
1.00504
0.981279
0.961238
0.943465
0.925602
0.904819
0.878655
0.846098
0.808254
0.767954
0.728635
0.693508
0.66533
0.646424
0.638554
0.642593
0.658164
0.683622
0.716509
0.754268
0.794873
0.837153
0.880736
0.925567
0.971059
1.01542
1.05596
1.09033
1.11744
1.1376
1.15219
1.16321
1.17287
1.18326
1.19593
1.21164
1.23004
1.24967
1.26792
1.28118
1.28529
1.27635
1.25234
1.21435
1.16603
1.11182
1.0555
0.999678
0.945858
0.894648
0.845994
0.799441
0.754404
0.710444
0.667449
0.62569
0.585768
0.548543
0.515134
0.48703
0.466301
0.455785
0.459011
0.479412
0.5186
0.574613
0.641872
0.71322
0.782277
0.844572
0.897533
0.940043
0.971985
0.993904
1.00678
1.01189
1.01072
1.00504
0.996904
0.988817
0.983719
0.98476
0.994687
1.01494
1.04469
1.08004
1.11429
1.14023
1.15363
1.1545
1.14582
1.1315
1.11518
1.09972
1.08712
1.07845
1.07376
1.07206
1.07136
1.06872
1.0606
1.04355
1.01567
0.978037
0.934408
0.889372
0.846809
0.80942
0.778821
0.755661
0.739696
0.729896
0.72468
0.722289
0.721211
0.720588
0.720534
0.722346
0.728586
0.74279
0.768292
0.80611
0.853497
0.905106
0.955739
1.00214
1.04307
1.07867
1.10968
1.13695
1.16123
1.18301
1.20262
1.22032
1.23642
1.25142
1.26606
1.28106
1.2963
1.30951
1.31568
1.30921
1.28727
1.25095
1.20365
1.14915
1.0906
1.03035
0.970087
0.910957
0.853752
0.798979
0.746913
0.697635
0.651072
0.607097
0.565708
0.527227
0.492396
0.462358
0.43871
0.423688
0.42038
0.432602
0.463828
0.514907
0.581946
0.65693
0.731112
0.798028
0.854264
0.898723
0.931652
0.953951
0.966815
0.971603
0.969808
0.963084
0.953303
0.942676
0.93387
0.930013
0.934361
0.949465
0.97603
1.01187
1.0516
1.08812
1.11574
1.13249
1.13976
1.14062
1.13839
1.1359
1.13522
1.13752
1.14305
1.15118
1.16051
1.16893
1.17361
1.17092
1.15702
1.12979
1.0907
1.04421
0.995225
0.947494
0.903258
0.863503
0.828252
0.796837
0.768192
0.741163
0.714812
0.688634
0.662671
0.637542
0.614506
0.595617
0.583897
0.583206
0.597342
0.628241
0.674337
0.730788
0.791606
0.851779
0.908056
0.958696
1.00291
1.04041
1.07114
1.09525
1.11304
1.1251
1.13233
1.13609
1.13834
1.14156
1.14849
1.16132
1.18059
1.20404
1.22625
1.24009
1.23987
1.22382
1.19387
1.15384
1.10776
1.05905
1.01031
0.963364
0.919344
0.878716
0.841248
0.806005
0.771523
0.73632
0.699611
0.661792
0.624344
0.589327
0.558988
0.535716
0.522187
0.521335
0.535819
0.56689
0.613214
0.670766
0.734129
0.798215
0.859226
0.914684
0.96301
1.00314
1.03445
1.05684
1.07087
1.07768
1.07888
1.07652
1.07301
1.0711
1.07363
1.08304
1.10064
1.1257
1.15467
1.18122
1.19802
1.20014
1.187
1.16161
1.12839
1.09161
1.05462
1.01979
0.988567
0.961434
0.937932
0.916623
0.895255
0.871238
0.842485
0.80836
0.770137
0.730519
0.692678
0.659626
0.63408
0.618474
0.614769
0.623982
0.645702
0.678034
0.718146
0.763112
0.810589
0.85906
0.907647
0.95557
1.00151
1.04342
1.07918
1.10742
1.12806
1.1421
1.15133
1.15801
1.16455
1.17315
1.18538
1.20181
1.22164
1.2425
1.26046
1.27059
1.26814
1.25032
1.21758
1.17324
1.12182
1.06746
1.0132
0.960936
0.911608
0.865344
0.821666
0.779731
0.738657
0.697868
0.65732
0.617545
0.579534
0.544601
0.514367
0.490898
0.476897
0.475711
0.490745
0.523991
0.574316
0.637086
0.70579
0.774266
0.83794
0.893924
0.94063
0.977404
1.00429
1.02186
1.03114
1.03347
1.03053
1.0243
1.01719
1.01205
1.01196
1.01975
1.03715
1.06385
1.09669
1.12948
1.15472
1.16712
1.16566
1.15295
1.13305
1.10993
1.08686
1.06617
1.04929
1.03668
1.02771
1.02069
1.0129
1.001
0.981759
0.953358
0.916558
0.874579
0.83161
0.791434
0.756935
0.730122
0.712161
0.703305
0.702855
0.709289
0.720635
0.734975
0.750948
0.768159
0.787418
0.810691
0.840437
0.878077
0.922335
0.969261
1.01432
1.05444
1.08854
1.11706
1.14123
1.16252
1.1822
1.20115
1.21981
1.23823
1.25626
1.27362
1.28986
1.30403
1.31395
1.31568
1.30465
1.27844
1.23844
1.18845
1.13252
1.07382
1.01445
0.955666
0.898175
0.842397
0.788611
0.737029
0.687831
0.641166
0.597183
0.556098
0.518315
0.484564
0.456024
0.434447
0.422336
0.423029
0.440288
0.476885
0.532377
0.601758
0.676855
0.749548
0.814119
0.867653
0.909326
0.939541
0.959317
0.969946
0.972857
0.969599
0.961882
0.951672
0.941312
0.933612
0.931759
0.938847
0.95699
0.986225
1.02358
1.06303
1.09747
1.12202
1.13569
1.14055
1.13988
1.13695
1.13443
1.13415
1.13705
1.14313
1.15152
1.16061
1.16811
1.17095
1.16538
1.1478
1.11698
1.07538
1.02783
0.979021
0.932296
0.889524
0.8514
0.817725
0.787679
0.760123
0.733911
0.708184
0.682567
0.657254
0.633036
0.611389
0.594648
0.586136
0.589849
0.609238
0.645257
0.695153
0.753434
0.814255
0.87317
0.927506
0.975926
1.01787
1.05316
1.08183
1.10404
1.12019
1.1309
1.1372
1.14061
1.14322
1.14764
1.1565
1.17158
1.19253
1.21597
1.23561
1.24446
1.2381
1.21623
1.18171
1.13854
1.09059
1.04098
0.99203
0.945295
0.901684
0.861445
0.824134
0.788649
0.753506
0.717439
0.680062
0.642172
0.605468
0.572052
0.544171
0.524293
0.515227
0.519959
0.540872
0.578433
0.630226
0.69138
0.756251
0.820035
0.879386
0.932212
0.977202
1.01353
1.04085
1.05938
1.06994
1.07388
1.073
1.06946
1.06584
1.06496
1.06962
1.08198
1.10274
1.13021
1.15968
1.18406
1.19653
1.19371
1.17661
1.14899
1.11531
1.0795
1.04453
1.01242
0.984235
0.960108
0.939177
0.919611
0.898869
0.874323
0.844213
0.808564
0.769336
0.729626
0.692689
0.661468
0.638553
0.626157
0.625839
0.638039
0.661768
0.694794
0.734315
0.77774
0.823197
0.86965
0.916582
0.963347
1.00849
1.04973
1.0848
1.11245
1.13274
1.14685
1.15667
1.16447
1.17256
1.18291
1.19675
1.21423
1.2342
1.25408
1.27001
1.27734
1.27176
1.25091
1.21556
1.16924
1.11644
1.06112
1.00615
0.953236
0.90315
0.855923
0.811055
0.767793
0.725438
0.683631
0.642496
0.602625
0.56497
0.530763
0.501568
0.479453
0.467191
0.468225
0.48597
0.52222
0.57541
0.640421
0.710436
0.779212
0.842246
0.896807
0.941521
0.975979
1.00046
1.01575
1.02298
1.0236
1.01931
1.01214
1.00456
0.999461
0.999959
1.00884
1.02768
1.05589
1.08993
1.12329
1.1486
1.16108
1.1603
1.1491
1.13148
1.11128
1.09156
1.0745
1.06135
1.05237
1.04676
1.04265
1.03718
1.02689
1.00848
0.98013
0.942815
0.900041
0.856193
0.815089
0.779525
0.751315
0.731368
0.71968
0.715367
0.71685
0.722237
0.729787
0.738377
0.747874
0.759383
0.775254
0.798559
0.83162
0.874025
0.922056
0.970593
1.01559
1.05511
1.08896
1.11797
1.1433
1.16608
1.18712
1.20692
1.22571
1.24358
1.26065
1.27704
1.29273
1.30698
1.31732
1.31913
1.30753
1.28053
1.23996
1.18965
1.13341
1.07421
1.01407
0.95433
0.895844
0.839193
0.784769
0.732827
0.683512
0.636888
0.593004
0.552002
0.514277
0.480595
0.452157
0.430702
0.4187
0.419477
0.436864
0.473783
0.52988
0.600002
0.675666
0.748544
0.812928
0.866038
0.907188
0.936873
0.95615
0.966322
0.968825
0.965209
0.957187
0.946724
0.936152
0.92828
0.926311
0.933388
0.951663
0.981165
1.01887
1.05873
1.09371
1.11898
1.13362
1.13963
1.14023
1.13863
1.13744
1.13846
1.14256
1.14971
1.15905
1.16898
1.17728
1.18097
1.17627
1.15952
1.12929
1.08794
1.04028
0.99104
0.943592
0.899825
0.860435
0.825233
0.793431
0.763944
0.735706
0.707945
0.680351
0.653145
0.627089
0.603569
0.58477
0.573835
0.574661
0.590865
0.623958
0.671894
0.729585
0.791095
0.851583
0.907925
0.958424
1.00227
1.03913
1.06895
1.0919
1.10836
1.119
1.12486
1.12744
1.12882
1.13159
1.13852
1.15176
1.1717
1.19594
1.21893
1.23349
1.23396
1.21863
1.18954
1.15056
1.10575
1.05853
1.01151
0.966464
0.924499
0.886005
0.850633
0.817284
0.784326
0.750158
0.713967
0.676229
0.63857
0.603198
0.57247
0.548835
0.534953
0.533654
0.547401
0.577238
0.621787
0.677243
0.738592
0.801135
0.861326
0.916771
0.965831
1.00728
1.04024
1.06442
1.08018
1.08858
1.0912
1.09008
1.08762
1.08656
1.08965
1.09923
1.11652
1.14077
1.16853
1.19362
1.20885
1.20919
1.19391
1.16595
1.1298
1.08982
1.04944
1.01107
0.976179
0.94529
0.918021
0.893063
0.868365
0.841603
0.810961
0.77595
0.737762
0.698836
0.66207
0.630311
0.606273
0.59255
0.591387
0.604092
0.630372
0.668162
0.714219
0.765124
0.81806
0.871047
0.922704
0.97175
1.0166
1.05545
1.08679
1.11005
1.12571
1.13514
1.14033
1.14368
1.14776
1.15493
1.16686
1.18409
1.2055
1.22796
1.24647
1.25515
1.24931
1.22743
1.19163
1.14617
1.09562
1.04372
0.993065
0.945208
0.900779
0.859619
0.820916
0.783462
0.746046
0.707909
0.669065
0.630335
0.593139
0.559252
0.530735
0.510052
0.500188
0.504429
0.525445
0.563778
0.616811
0.679375
0.745618
0.810607
0.870856
0.924108
0.96896
1.00464
1.03096
1.04833
1.05767
1.06036
1.05817
1.0533
1.04833
1.04621
1.04987
1.06161
1.08227
1.11036
1.14139
1.16835
1.1842
1.18522
1.17213
1.14854
1.11886
1.08702
1.05604
1.028
1.00401
0.984235
0.967762
0.952635
0.936089
0.915156
0.887664
0.853315
0.814033
0.773166
0.73429
0.700539
0.6745
0.658213
0.652997
0.659132
0.675664
0.700606
0.731501
0.766107
0.802914
0.841364
0.8817
0.924329
0.968769
1.01296
1.05386
1.08887
1.11689
1.13828
1.15447
1.16742
1.17924
1.19174
1.20619
1.22297
1.24156
1.26052
1.27755
1.28961
1.29299
1.28392
1.2601
1.22225
1.17382
1.11921
1.06217
1.00532
0.950154
0.897278
0.846708
0.798124
0.75114
0.705515
0.661275
0.618715
0.578355
0.540909
0.507332
0.478966
0.457747
0.446404
0.448434
0.467426
0.505399
0.560878
0.628488
0.700836
0.771067
0.834307
0.887797
0.930427
0.962189
0.98376
0.996219
1.00089
0.99928
0.993116
0.984421
0.975633
0.969651
0.969648
0.978496
0.997879
1.0273
1.06323
1.09923
1.12804
1.14508
1.14996
1.14534
1.13499
1.12246
1.1106
1.10143
1.096
1.0944
1.09572
1.09805
1.09862
1.09395
1.08037
1.05539
1.01944
0.976011
0.92987
0.885167
0.84478
0.810379
0.7826
0.761192
0.745172
0.733066
0.723258
0.714384
0.705678
0.697235
0.690189
0.686838
0.690625
0.705529
0.734353
0.776571
0.827887
0.882403
0.935244
0.98364
1.02662
1.06426
1.09709
1.12567
1.15048
1.17186
1.19009
1.20551
1.2187
1.23063
1.24269
1.25637
1.27224
1.28846
1.3001
1.30087
1.28658
1.25701
1.21488
1.16393
1.10762
1.04874
0.989354
0.93094
0.874496
0.820642
0.769666
0.721556
0.676046
0.632766
0.591509
0.5525
0.516485
0.48463
0.458477
0.440084
0.432268
0.438637
0.462889
0.506892
0.568357
0.6405
0.714732
0.783953
0.843925
0.892875
0.930566
0.957553
0.974782
0.983439
0.984899
0.980727
0.972708
0.962933
0.953913
0.948633
0.950343
0.961882
0.984607
1.01728
1.05539
1.09199
1.1205
1.13764
1.14399
1.1424
1.13639
1.12916
1.12319
1.12009
1.12053
1.12427
1.13012
1.13606
1.13927
1.13619
1.12301
1.09731
1.05999
1.01503
0.967341
0.920921
0.87836
0.840988
0.809117
0.782254
0.759326
0.738979
0.719909
0.701181
0.682462
0.664154
0.647495
0.634694
0.62904
0.634604
0.654986
0.691222
0.740463
0.797071
0.855234
0.91079
0.961508
1.00654
1.04577
1.07936
1.10755
1.13056
1.14867
1.16231
1.17221
1.17958
1.18619
1.19433
1.20621
1.22287
1.24277
1.26112
1.2711
1.26712
1.24731
1.21343
1.16907
1.11807
1.06371
1.00856
0.954418
0.90252
0.853555
0.807705
0.764655
0.723656
0.683801
0.644495
0.605878
0.568884
0.534987
0.505958
0.483902
0.471452
0.471853
0.488497
0.523521
0.575908
0.640775
0.711004
0.779896
0.842776
0.897065
0.941654
0.976281
1.0012
1.01707
1.02494
1.02618
1.02248
1.01584
1.00866
1.00375
1.0042
1.01283
1.03136
1.05928
1.09305
1.1261
1.15109
1.16329
1.16224
1.15066
1.1325
1.11157
1.09095
1.07283
1.05851
1.0483
1.04147
1.03622
1.02979
1.01873
0.999756
0.971074
0.933672
0.891024
0.847435
0.806651
0.77144
0.743641
0.724226
0.713272
0.709968
0.712786
0.719851
0.729402
0.740265
0.752232
0.766325
0.784791
0.810522
0.845515
0.888974
0.936997
0.984618
1.02813
1.06591
1.098
1.12535
1.14926
1.17088
1.19108
1.21035
1.22888
1.24674
1.26393
1.28045
1.29602
1.30946
1.31772
1.31595
1.29984
1.26854
1.22469
1.17233
1.11512
1.05576
0.996015
0.937001
0.87942
0.82374
0.770278
0.719251
0.670793
0.624984
0.581917
0.541818
0.505187
0.472914
0.446353
0.427456
0.418958
0.424399
0.447486
0.49034
0.551187
0.623656
0.699063
0.769778
0.831008
0.880658
0.918439
0.945036
0.961588
0.969442
0.970063
0.965046
0.956174
